0 18.0 10.0 36 20 
0 130.0 14.5 64 29 
0 223.5 22.5 61 45 
0 199.5 0.5 3 1 
0 210.0 0.5 10 1 
0 218.5 0.5 5 1 
0 236.5 2.5 23 5 
0 270.5 20.0 29 40 
0 336.0 2.0 4 4 
0 346.5 1.0 15 2 
0 353.0 23.0 34 46 
0 398.0 22.0 26 44 
0 469.5 13.0 59 26 
0 449.0 0.5 4 1 
0 491.0 1.0 2 2 
0 769.0 18.5 38 37 
0 819.5 23.0 31 46 
0 912.5 26.5 29 53 
0 987.5 13.5 51 27 
0 302.5 27.5 33 53 
0 382.5 4.0 5 4 
0 491.0 4.0 2 2 
0 760.0 5.0 2 2 
0 491.0 10.5 2 5 
0 759.5 9.0 3 2 
0 491.0 15.0 2 2 
0 491.0 18.0 2 2 
0 867.5 40.5 27 47 
0 368.0 21.0 2 2 
0 473.5 26.0 7 6 
0 487.0 25.0 4 2 
0 925.0 34.0 4 20 
0 128.5 28.0 3 2 
0 878.5 35.5 3 7 
0 474.0 72.0 64 74 
0 12.5 54.0 25 32 
0 334.5 41.0 3 4 
0 208.5 42.5 3 3 
0 200.5 44.0 3 2 
0 205.0 44.0 2 2 
0 232.0 44.0 2 2 
0 483.0 44.0 4 2 
0 488.5 44.0 3 2 
0 924.5 46.0 3 2 
0 994.5 66.5 53 33 
0 898.5 53.5 3 3 
0 30.5 63.5 11 19 
0 989.0 56.5 4 5 
0 860.0 63.0 2 2 
0 449.5 72.0 3 2 
0 29.5 76.0 9 6 
0 126.0 95.0 40 40 
0 482.0 77.5 8 5 
0 23.0 78.0 2 2 
0 981.5 84.0 9 8 
0 470.5 82.0 3 2 
0 507.5 96.0 5 26 
0 14.0 114.0 28 56 
0 995.5 129.5 31 67 
0 217.5 133.0 33 64 
0 858.0 131.0 46 60 
0 299.5 126.5 33 43 
0 343.0 128.5 24 43 
0 265.5 132.5 29 43 
0 394.5 139.5 35 51 
0 132.0 142.0 74 48 
0 470.5 123.0 5 10 
0 908.5 138.0 41 32 
0 492.0 149.0 36 52 
0 817.0 142.5 32 29 
0 470.0 130.0 2 2 
0 882.5 140.0 5 16 
0 916.0 148.0 2 2 
0 305.0 151.0 10 2 
0 139.0 159.0 2 2 
0 973.5 165.5 13 11 
0 481.0 169.5 4 3 
0 491.5 177.5 5 3 
0 18.0 234.0 36 50 
0 262.0 249.5 40 65 
0 363.5 242.5 35 43 
0 130.0 245.0 52 40 
0 470.5 241.0 49 32 
0 814.5 246.5 31 39 
0 216.0 255.0 30 52 
0 774.0 245.0 34 32 
0 794.0 233.5 4 7 
0 814.5 232.0 7 2 
0 219.5 233.5 7 3 
0 304.0 271.0 38 78 
0 984.5 255.0 53 40 
0 776.0 237.0 2 2 
0 785.0 237.0 4 2 
0 864.0 270.5 36 69 
0 901.0 241.0 2 4 
0 913.0 268.0 44 56 
0 17.0 243.0 2 2 
0 972.5 243.0 3 2 
0 472.5 258.0 7 2 
0 481.5 258.0 3 2 
0 475.0 261.0 2 2 
0 494.0 261.0 2 2 
0 773.0 263.0 2 4 
0 14.0 281.0 24 34 
0 119.5 286.5 57 29 
0 998.5 299.5 37 41 
0 31.5 282.0 7 4 
0 26.0 313.0 52 34 
0 148.0 302.5 6 5 
0 130.5 305.0 5 4 
0 54.0 308.0 2 2 
0 479.5 330.5 57 33 
0 0.5 319.0 1 8 
0 511.5 323.5 5 17 
0 995.5 321.0 3 2 
0 518.0 331.0 4 12 
0 995.5 342.5 57 29 
0 398.5 366.5 29 61 
0 818.0 367.0 30 62 
0 140.5 359.5 65 43 
0 309.0 366.5 34 57 
0 512.0 343.5 6 11 
0 402.0 344.0 2 2 
0 769.0 347.5 4 3 
0 779.0 371.5 30 51 
0 502.0 348.0 2 2 
0 150.0 349.0 4 2 
0 20.0 369.5 40 37 
0 331.5 359.0 13 16 
0 479.5 375.0 55 42 
0 978.5 355.0 3 2 
0 987.5 355.0 7 2 
0 345.5 358.5 7 5 
0 363.5 374.5 37 35 
0 44.0 361.5 6 5 
0 793.0 364.0 6 10 
0 0.5 364.0 1 2 
0 1009.0 383.5 22 35 
0 794.0 373.0 2 2 
0 8.5 387.0 7 2 
0 15.5 387.0 3 2 
0 21.5 387.0 3 2 
0 33.0 387.0 2 2 
0 414.0 390.5 2 3 
0 391.0 394.0 2 2 
0 1022.5 402.0 3 2 
0 56.5 450.0 23 30 
0 344.0 451.0 16 18 
0 254.0 481.0 60 74 
0 24.5 466.0 49 34 
0 318.0 484.5 38 59 
0 418.5 487.5 41 63 
0 489.0 475.5 40 39 
0 268.5 463.0 3 2 
0 1004.0 488.0 40 50 
0 242.5 468.0 5 2 
0 52.5 472.5 5 7 
0 1021.5 489.5 5 39 
0 872.0 503.5 34 55 
0 52.0 485.0 10 12 
0 3.0 484.0 2 2 
0 42.0 490.5 4 3 
0 58.0 493.0 2 2 
0 20.5 518.0 41 44 
0 143.5 517.5 59 39 
0 283.0 499.0 2 2 
0 821.5 513.5 41 27 
0 429.0 504.0 2 2 
0 157.0 505.0 2 2 
0 425.0 505.0 2 2 
0 281.5 511.5 7 9 
0 152.0 510.0 2 2 
0 311.0 517.0 26 12 
0 1022.0 521.0 4 12 
0 41.0 542.0 2 2 
0 21.0 558.0 42 28 
0 245.0 595.5 72 69 
0 919.0 601.0 38 64 
0 36.5 575.0 5 6 
0 1.0 575.5 2 3 
0 5.0 576.0 2 4 
0 14.5 576.0 3 4 
0 19.5 601.0 39 34 
0 156.0 604.5 86 37 
0 396.0 616.5 38 53 
0 241.5 597.0 5 4 
0 309.0 610.0 30 30 
0 246.0 599.0 4 4 
0 997.5 626.5 53 37 
0 1.0 618.5 2 3 
0 291.0 624.5 8 11 
0 305.0 629.5 4 7 
0 297.5 628.0 3 2 
0 291.5 633.5 7 7 
0 298.0 633.5 4 3 
0 6.5 676.5 3 3 
0 21.5 694.0 43 36 
0 257.5 714.0 25 60 
0 357.0 720.5 32 57 
0 131.0 712.0 42 26 
0 34.0 701.0 2 2 
0 148.5 743.5 65 37 
0 28.0 793.0 56 130 
0 27.0 746.0 2 2 
0 147.0 792.0 44 30 
0 50.0 781.0 4 4 
0 50.0 795.0 4 16 
0 233.5 821.0 37 62 
0 174.5 831.0 55 40 
0 0.5 822.0 1 2 
0 45.5 826.0 3 6 
0 42.0 832.0 2 4 
0 42.0 839.5 2 7 
0 49.0 849.5 6 11 
0 149.0 851.0 2 2 
0 40.5 974.0 59 40 
