0 3.0 12.0 6 24 
0 41.5 10.5 33 21 
0 85.0 11.0 30 22 
0 106.0 5.5 6 11 
0 131.0 12.5 32 25 
0 239.5 4.0 45 8 
0 285.0 2.5 30 5 
0 343.5 9.5 23 19 
0 384.0 10.5 34 21 
0 483.0 16.0 28 32 
0 591.0 2.0 14 4 
0 632.0 7.0 42 14 
0 726.0 6.5 28 13 
0 800.5 3.0 7 6 
0 812.5 3.0 11 6 
0 830.5 9.0 19 18 
0 837.0 1.5 6 3 
0 870.0 5.0 26 10 
0 978.5 13.0 23 26 
0 151.5 6.5 7 7 
0 158.0 7.5 8 5 
0 265.0 6.0 2 2 
0 236.0 8.0 2 2 
0 866.5 8.5 5 3 
0 48.5 10.5 3 3 
0 813.0 11.5 4 5 
0 58.0 12.0 4 4 
0 52.0 13.0 4 2 
0 959.5 22.5 7 3 
0 32.5 25.5 19 7 
0 970.0 32.0 4 4 
0 975.5 32.0 5 4 
0 977.0 41.0 2 2 
0 986.5 59.5 31 37 
0 854.5 59.5 35 29 
0 541.0 48.0 2 2 
0 745.0 62.0 38 30 
0 515.0 70.0 54 42 
0 595.0 68.5 64 37 
0 376.5 57.0 3 2 
0 362.5 75.0 49 38 
0 1006.5 58.5 9 5 
0 339.5 58.0 7 2 
0 7.0 79.5 14 33 
0 827.5 74.5 3 3 
0 1004.5 75.5 5 3 
0 836.0 77.5 6 3 
0 843.5 79.5 5 5 
0 847.5 101.0 43 48 
0 984.0 79.0 2 2 
0 991.0 79.5 8 3 
0 836.5 81.0 5 2 
0 856.5 82.0 3 4 
0 828.0 86.0 4 6 
0 979.0 88.5 6 3 
0 985.0 88.5 4 3 
0 994.0 88.0 4 2 
0 993.5 107.5 35 41 
0 861.5 92.0 13 4 
0 870.0 91.0 2 2 
0 874.0 108.5 8 37 
0 492.5 97.5 7 5 
0 505.0 115.0 40 40 
0 755.5 112.5 53 31 
0 486.0 99.0 4 2 
0 597.5 119.5 51 41 
0 361.5 121.0 41 32 
0 973.5 111.0 3 2 
0 2.0 113.0 4 2 
0 19.0 132.0 38 36 
0 972.0 116.5 2 3 
0 844.0 129.5 2 3 
0 859.5 129.5 5 3 
0 869.0 129.5 4 3 
0 852.0 130.0 2 2 
0 996.5 139.0 9 2 
0 1007.5 147.0 9 18 
0 870.5 142.0 3 2 
0 852.5 159.5 51 37 
0 991.0 159.0 26 30 
0 607.5 147.5 7 3 
0 620.5 147.0 11 2 
0 752.5 163.5 35 35 
0 599.5 148.0 3 2 
0 487.5 152.5 5 7 
0 625.5 150.0 3 2 
0 364.5 152.5 3 3 
0 364.0 169.5 44 37 
0 347.0 153.0 12 2 
0 358.0 153.0 8 2 
0 502.5 170.5 25 37 
0 610.5 170.0 41 36 
0 19.5 174.5 39 41 
0 731.5 164.0 3 2 
0 486.0 170.0 2 2 
0 340.0 175.0 2 2 
0 983.5 177.5 11 3 
0 734.0 179.0 2 2 
0 376.5 187.0 9 4 
0 360.5 187.5 5 3 
0 368.5 189.0 9 6 
0 491.0 188.0 4 4 
0 501.0 187.5 8 3 
0 507.0 187.0 2 2 
0 979.0 187.0 12 2 
0 756.0 208.0 48 40 
0 993.0 206.5 32 35 
0 739.5 191.5 7 3 
0 855.5 207.5 47 35 
0 1.0 192.0 2 2 
0 501.0 214.0 74 38 
0 595.0 214.5 56 39 
0 9.5 198.0 19 4 
0 338.0 202.5 8 5 
0 628.5 206.0 5 12 
0 362.0 216.5 48 29 
0 20.0 220.5 40 35 
0 626.0 221.5 4 17 
0 849.0 224.0 2 2 
0 859.0 224.5 4 3 
0 573.0 230.0 2 6 
0 581.5 233.5 11 3 
0 840.0 252.0 64 38 
0 501.0 235.5 2 3 
0 510.0 235.5 4 3 
0 571.0 235.0 2 2 
0 488.0 236.0 2 2 
0 754.0 280.0 46 84 
0 993.5 253.5 39 29 
0 612.5 243.5 15 5 
0 361.0 244.0 2 2 
0 504.5 244.5 7 3 
0 514.5 245.5 9 5 
0 2.0 245.5 4 3 
0 18.0 245.0 2 2 
0 600.0 245.5 4 3 
0 364.5 262.0 45 34 
0 606.0 264.0 44 30 
0 504.5 268.5 33 31 
0 3.5 255.0 7 2 
0 10.0 255.0 4 2 
0 483.0 259.5 2 3 
0 18.0 273.5 36 27 
0 486.0 261.0 2 2 
0 486.0 264.5 2 3 
0 762.0 274.5 10 5 
0 750.5 283.0 3 6 
0 858.0 302.0 28 44 
0 999.5 298.0 43 30 
0 26.0 289.5 12 3 
0 382.0 290.0 4 2 
0 362.0 293.0 4 4 
0 371.5 293.0 5 4 
0 380.5 293.5 3 3 
0 506.0 309.5 38 35 
0 357.5 294.5 3 3 
0 601.0 309.0 54 28 
0 365.0 316.0 50 36 
0 7.0 303.0 14 2 
0 18.5 303.0 3 2 
0 390.5 306.5 3 3 
0 396.5 309.5 7 7 
0 18.0 321.0 36 26 
0 394.0 314.0 2 2 
0 336.5 321.5 5 5 
0 625.0 327.0 2 2 
0 628.0 327.0 2 2 
0 632.5 327.0 3 2 
0 637.5 333.0 25 14 
0 366.0 333.0 14 4 
0 351.0 333.5 14 3 
0 635.5 339.5 11 3 
0 651.0 350.5 4 17 
0 631.0 374.5 30 59 
0 393.5 348.0 9 2 
0 252.0 382.5 34 67 
0 256.5 352.5 7 5 
0 388.0 381.5 36 63 
0 489.0 380.5 48 59 
0 20.0 377.0 40 44 
0 246.5 357.0 3 4 
0 831.0 376.5 36 39 
0 876.0 376.5 44 39 
0 782.0 359.0 14 2 
0 794.0 359.0 8 2 
0 245.0 361.0 2 2 
0 733.0 389.0 40 58 
0 1016.5 381.0 15 38 
0 586.5 386.0 35 46 
0 785.5 385.5 33 43 
0 342.5 368.5 17 3 
0 304.0 369.0 2 2 
0 513.5 371.5 13 7 
0 532.0 389.0 30 40 
0 346.0 392.0 42 44 
0 289.0 395.0 34 48 
0 979.0 389.5 44 37 
0 491.5 376.0 3 8 
0 547.0 393.0 16 40 
0 512.0 376.5 4 3 
0 850.0 376.0 2 2 
0 361.5 384.0 3 2 
0 960.0 390.5 4 13 
0 21.5 394.0 3 2 
0 309.0 400.0 6 8 
0 763.0 397.0 2 2 
0 3.0 398.0 4 2 
0 835.5 400.5 19 7 
0 13.0 414.5 26 31 
0 739.5 401.0 11 4 
0 818.0 404.0 18 6 
0 514.0 403.0 4 2 
0 484.0 411.0 8 6 
0 371.0 412.0 4 4 
0 375.0 415.5 6 3 
0 326.5 416.5 7 3 
0 289.0 417.0 2 2 
0 229.0 418.5 4 3 
0 362.0 421.0 2 2 
0 365.0 421.0 2 2 
0 728.0 423.5 4 3 
0 5.0 432.0 10 2 
0 7.5 435.0 3 2 
0 629.0 500.0 14 6 
0 819.5 523.0 47 48 
0 866.0 501.0 2 2 
0 979.0 502.0 4 2 
0 992.0 502.0 2 2 
0 982.5 521.5 37 35 
0 1016.0 529.0 16 48 
0 726.0 507.0 6 2 
0 876.0 524.5 30 37 
0 857.0 518.5 2 23 
0 649.0 509.0 2 2 
0 741.0 542.5 56 69 
0 766.0 509.5 2 3 
0 534.0 523.0 30 28 
0 577.0 530.5 38 43 
0 558.0 524.5 16 29 
0 626.5 536.5 39 53 
0 649.0 512.0 4 2 
0 654.0 524.5 14 25 
0 386.5 526.5 33 27 
0 491.5 525.0 35 24 
0 340.0 533.0 32 38 
0 299.5 516.5 7 3 
0 295.0 533.5 32 37 
0 362.0 516.0 2 2 
0 563.5 517.0 5 4 
0 279.0 517.0 4 2 
0 286.5 520.0 7 2 
0 254.0 539.5 42 39 
0 793.0 521.5 4 3 
0 358.5 533.0 9 24 
0 563.5 523.0 3 2 
0 564.0 529.5 4 3 
0 891.0 538.5 10 17 
0 564.0 533.0 2 2 
0 644.0 535.5 2 3 
0 596.5 538.5 9 3 
0 535.5 541.5 11 7 
0 857.0 539.0 2 2 
0 545.0 542.0 2 2 
0 374.0 543.5 14 3 
0 528.5 543.5 9 3 
0 656.5 543.5 3 3 
0 792.0 546.0 2 4 
0 875.5 545.5 3 3 
0 607.0 551.0 6 4 
0 861.5 552.0 5 4 
0 870.0 551.5 8 3 
0 278.5 555.0 5 4 
0 284.5 555.5 5 5 
0 746.0 574.5 20 5 
0 734.0 574.0 2 2 
0 1002.0 596.0 44 34 
0 858.0 599.5 28 35 
0 603.0 617.0 62 62 
0 639.0 614.5 8 55 
0 765.0 589.0 10 2 
0 501.5 609.5 57 37 
0 757.5 607.5 49 31 
0 370.0 615.5 52 41 
0 589.0 617.5 4 3 
0 401.0 620.0 18 6 
0 397.5 625.5 9 7 
0 862.0 646.5 36 35 
0 998.5 647.5 37 31 
0 754.5 657.5 49 37 
0 509.0 655.5 40 23 
0 371.5 662.0 47 32 
0 345.0 648.5 4 3 
0 355.0 648.0 14 2 
0 614.0 652.0 4 4 
0 621.5 651.5 9 3 
0 607.0 655.0 2 2 
0 585.0 674.0 18 20 
0 1002.0 667.5 18 7 
0 987.0 668.0 8 6 
0 757.0 674.5 6 3 
0 1003.5 677.0 5 6 
0 350.0 677.0 14 4 
0 367.0 676.5 12 3 
0 983.5 676.0 3 2 
0 852.0 691.0 46 28 
0 997.5 678.5 3 3 
0 990.0 679.0 6 2 
0 338.5 687.0 3 12 
0 1008.5 682.0 3 2 
0 1019.0 684.0 2 2 
0 1000.0 698.0 40 28 
0 611.0 703.0 40 32 
0 756.0 702.0 44 28 
0 386.5 695.0 3 2 
0 351.5 696.0 9 2 
0 370.0 710.0 44 26 
0 621.5 725.0 23 4 
0 857.0 745.5 40 35 
0 752.5 750.0 47 32 
0 997.5 748.0 37 28 
