0 32.5 15.0 25 30 
0 74.0 18.5 34 37 
0 117.0 16.5 22 33 
0 159.0 17.5 28 35 
0 257.0 15.5 44 31 
0 303.0 13.0 40 26 
0 299.0 0.5 2 1 
0 368.0 3.0 6 6 
0 386.0 23.5 30 45 
0 14.5 4.0 3 2 
0 18.5 4.5 3 3 
0 782.0 27.0 34 48 
0 349.0 23.0 18 38 
0 519.5 18.0 39 26 
0 953.0 6.0 4 2 
0 565.0 17.0 30 22 
0 365.5 12.0 5 10 
0 473.0 34.0 30 54 
0 951.5 9.0 11 4 
0 612.5 30.5 35 41 
0 775.5 12.5 5 5 
0 744.5 25.0 25 28 
0 177.0 17.5 10 11 
0 700.0 33.0 36 42 
0 921.0 15.5 10 5 
0 731.0 15.0 2 2 
0 734.0 15.0 2 2 
0 827.5 33.5 29 39 
0 716.0 17.0 2 2 
0 962.0 36.0 34 38 
0 926.5 49.0 37 60 
0 133.5 22.5 5 3 
0 1006.5 48.5 33 55 
0 87.5 23.0 3 2 
0 102.0 27.5 6 5 
0 276.5 29.0 15 8 
0 719.0 27.5 6 5 
0 582.0 31.5 2 3 
0 785.5 38.5 3 3 
0 800.0 40.0 2 2 
0 789.0 41.0 2 2 
0 763.0 42.0 2 2 
0 798.5 47.0 3 4 
0 938.5 51.0 3 2 
0 798.5 56.0 5 6 
0 827.5 57.0 13 4 
0 48.5 83.5 35 33 
0 905.0 74.5 8 3 
0 339.0 78.0 2 2 
0 345.5 79.0 5 2 
0 509.5 98.5 57 41 
0 378.5 80.0 5 2 
0 915.0 82.5 6 5 
0 369.0 98.5 48 33 
0 921.5 83.5 5 3 
0 586.0 100.0 50 34 
0 933.0 88.5 6 3 
0 475.0 90.0 4 4 
0 716.5 103.0 33 26 
0 819.0 105.0 28 28 
0 937.5 111.0 43 40 
0 1021.0 115.5 6 25 
0 32.0 119.5 10 15 
0 46.0 114.5 16 5 
0 60.0 134.0 48 36 
0 806.5 120.5 5 3 
0 489.5 124.0 9 4 
0 373.0 140.0 48 34 
0 812.0 125.0 8 4 
0 481.0 125.0 4 2 
0 501.0 126.0 6 2 
0 946.5 126.5 5 3 
0 807.5 148.0 41 38 
0 499.5 145.5 39 31 
0 581.5 150.0 47 40 
0 724.0 131.5 4 3 
0 722.0 149.5 48 31 
0 818.0 135.0 12 2 
0 919.0 150.5 8 29 
0 932.0 137.5 4 3 
0 925.5 138.0 3 2 
0 940.0 138.0 4 2 
0 938.0 159.0 28 34 
0 59.0 176.5 32 31 
0 353.5 170.0 11 2 
0 363.5 170.0 7 2 
0 802.0 170.5 4 3 
0 380.5 171.0 9 2 
0 815.0 171.5 4 3 
0 823.0 171.5 4 3 
0 478.0 177.0 6 8 
0 348.0 177.0 4 6 
0 368.0 189.5 38 31 
0 579.0 176.0 2 2 
0 493.5 190.0 21 28 
0 588.5 177.0 5 2 
0 599.0 177.0 8 2 
0 595.0 196.5 28 31 
0 717.5 198.5 23 33 
0 827.5 183.0 3 2 
0 792.0 188.0 6 6 
0 813.0 197.0 36 24 
0 940.5 187.0 7 2 
0 948.0 187.0 6 2 
0 347.5 189.5 5 5 
0 936.5 205.5 23 29 
0 360.0 193.5 14 3 
0 28.0 197.5 12 9 
0 347.0 194.0 2 2 
0 45.5 197.5 23 3 
0 700.0 202.5 6 11 
0 730.0 199.0 2 2 
0 373.5 205.0 7 6 
0 381.5 203.5 7 3 
0 57.5 205.5 13 5 
0 55.5 221.0 39 32 
0 482.0 209.5 4 3 
0 490.5 210.5 5 3 
0 497.0 210.0 4 2 
0 702.0 211.5 6 5 
0 731.0 214.0 4 4 
0 344.0 221.0 10 14 
0 36.0 230.5 16 27 
0 380.5 219.0 3 2 
0 490.0 235.5 66 33 
0 367.0 232.5 40 25 
0 578.0 240.0 52 40 
0 711.0 223.5 10 5 
0 927.0 222.5 10 3 
0 726.0 226.0 6 2 
0 605.0 228.0 2 2 
0 810.0 244.5 42 35 
0 719.5 245.0 41 32 
0 918.0 236.5 6 13 
0 937.0 251.0 28 34 
0 478.0 246.0 2 2 
0 55.0 268.0 54 36 
0 37.5 251.0 3 2 
0 50.5 251.5 5 3 
0 44.5 252.0 5 2 
0 491.0 255.5 4 3 
0 499.0 255.5 4 3 
0 479.0 256.0 2 2 
0 374.0 273.5 46 33 
0 816.0 261.5 4 3 
0 477.0 271.0 8 18 
0 494.0 264.0 2 2 
0 502.0 264.5 10 3 
0 588.5 268.5 13 5 
0 592.0 284.5 52 35 
0 598.5 270.0 3 2 
0 800.0 286.5 58 35 
0 724.5 309.5 49 79 
0 736.0 271.0 2 2 
0 497.0 287.0 32 30 
0 479.5 283.0 5 4 
0 1022.0 288.5 4 13 
0 942.0 295.5 40 25 
0 63.5 285.5 11 3 
0 31.0 302.0 6 12 
0 45.5 297.0 21 2 
0 1022.0 306.5 4 21 
0 58.0 314.0 44 24 
0 365.0 304.0 6 4 
0 381.5 304.5 23 5 
0 372.5 326.5 57 35 
0 503.5 326.5 49 33 
0 584.5 330.0 49 26 
0 342.5 321.0 5 6 
0 815.0 338.0 28 36 
0 950.0 338.5 42 29 
0 1018.5 339.0 11 28 
0 66.5 362.5 59 31 
0 606.5 350.5 7 5 
0 614.0 351.5 6 7 
0 273.5 355.5 5 5 
0 622.0 355.0 2 2 
0 263.5 358.0 5 4 
0 393.5 358.0 9 2 
0 616.5 359.5 9 5 
0 382.0 361.0 4 2 
0 261.0 367.5 6 11 
0 265.5 389.5 29 53 
0 387.5 391.5 31 57 
0 613.5 393.5 27 57 
0 501.0 396.5 74 61 
0 366.0 381.0 8 26 
0 349.0 375.0 14 2 
0 302.5 396.0 27 42 
0 1006.5 376.0 5 2 
0 325.5 379.0 5 4 
0 1007.0 380.0 8 4 
0 352.5 399.0 39 36 
0 570.0 403.0 32 44 
0 1023.0 382.0 2 2 
0 325.5 384.5 5 5 
0 505.0 387.0 8 10 
0 1005.0 407.0 38 48 
0 63.5 402.0 47 36 
0 509.0 385.0 2 2 
0 513.0 385.0 4 2 
0 482.5 389.0 7 8 
0 699.5 412.0 37 54 
0 744.5 387.0 13 4 
0 755.0 386.0 6 2 
0 33.0 403.0 8 34 
0 41.5 387.0 5 2 
0 761.0 387.0 2 2 
0 788.5 387.0 11 2 
0 286.0 388.0 2 2 
0 512.5 388.0 3 2 
0 802.0 388.0 4 2 
0 521.0 390.0 4 4 
0 791.5 406.5 35 35 
0 831.0 408.5 42 39 
0 245.0 405.0 6 28 
0 328.5 395.0 5 8 
0 749.0 410.5 28 39 
0 728.5 411.5 5 23 
0 967.5 418.0 33 36 
0 284.0 411.0 6 18 
0 328.5 409.5 5 11 
0 928.0 420.0 34 28 
0 370.0 410.5 4 3 
0 370.5 417.0 3 2 
0 376.5 419.0 7 6 
0 400.5 418.5 7 3 
0 334.0 419.5 8 3 
0 907.0 424.5 6 13 
0 41.5 421.0 7 4 
0 49.0 420.0 2 2 
0 771.0 425.5 6 11 
0 709.5 425.5 17 7 
0 794.5 428.0 17 6 
0 780.0 431.0 10 6 
0 815.0 431.0 2 2 
0 901.5 435.5 5 7 
0 978.0 433.0 2 2 
0 696.0 445.5 4 3 
0 307.5 512.0 3 2 
0 312.0 512.5 4 3 
0 346.5 531.5 29 37 
0 607.0 514.5 12 3 
0 266.5 534.0 33 40 
0 299.0 515.0 6 2 
0 386.0 532.5 32 31 
0 530.5 535.5 45 35 
0 305.5 535.0 27 32 
0 483.0 530.5 30 23 
0 566.5 538.5 27 37 
0 605.5 542.5 47 41 
0 707.5 553.0 51 62 
0 549.0 528.0 8 8 
0 774.5 526.5 5 5 
0 770.0 528.0 2 2 
0 912.0 531.0 8 6 
0 812.5 545.0 5 32 
0 821.0 530.0 4 2 
0 924.0 530.0 2 2 
0 756.5 539.5 9 19 
0 780.5 548.5 39 37 
0 968.0 532.5 4 5 
0 996.0 551.5 14 41 
0 833.5 550.0 27 36 
0 1009.0 552.0 22 36 
0 928.0 547.5 28 25 
0 967.0 558.5 34 45 
0 362.0 541.0 6 4 
0 288.0 543.5 6 7 
0 628.0 542.0 2 2 
0 633.0 544.0 4 4 
0 268.5 545.5 3 3 
0 506.5 546.5 7 5 
0 549.5 548.0 5 4 
0 577.5 547.5 7 3 
0 527.5 550.5 5 5 
0 261.5 554.0 3 2 
0 343.0 555.5 18 3 
0 754.5 556.5 5 5 
0 635.5 556.5 7 3 
0 587.0 559.5 8 3 
0 754.0 564.0 4 6 
0 915.5 562.5 11 3 
0 609.0 569.0 12 4 
0 817.0 572.0 6 4 
0 824.0 572.5 8 3 
0 729.0 579.0 2 2 
0 713.5 588.0 21 6 
0 499.0 612.5 60 37 
0 586.0 627.5 54 65 
0 610.5 596.0 5 2 
0 385.0 617.5 54 41 
0 732.0 603.0 8 2 
0 617.0 605.0 2 2 
0 947.0 621.0 48 34 
0 822.0 619.5 18 29 
0 727.5 622.5 55 31 
0 401.0 623.5 2 3 
0 354.0 654.0 16 30 
0 363.5 641.0 9 2 
0 379.5 641.0 21 2 
0 374.0 655.0 38 22 
0 826.5 662.0 35 36 
0 478.5 652.5 7 13 
0 503.0 656.0 40 20 
0 831.0 648.0 2 2 
0 722.0 664.5 40 27 
0 599.0 656.0 12 4 
0 942.0 670.0 36 28 
0 1017.5 670.5 13 29 
0 378.5 668.0 27 4 
0 575.0 678.0 2 2 
0 576.0 682.0 2 2 
0 722.0 684.0 6 4 
0 735.5 684.5 11 3 
0 355.0 686.0 10 2 
0 931.5 686.5 7 3 
0 943.5 708.0 41 46 
0 386.0 687.0 2 2 
0 349.0 700.5 6 25 
0 374.0 700.5 40 23 
0 595.0 704.5 36 31 
0 821.5 704.0 41 26 
0 927.5 696.0 3 2 
0 721.5 710.5 39 29 
0 923.0 704.0 6 12 
0 935.5 699.0 5 2 
0 1009.5 718.5 29 41 
0 599.5 725.5 23 3 
0 723.5 755.0 49 32 
0 818.0 755.5 34 33 
0 1014.5 763.0 19 42 
0 942.0 765.0 36 26 
0 1014.0 793.0 12 6 
