0 14.0 18.0 28 36 
0 59.0 21.5 36 43 
0 160.0 3.0 8 6 
0 104.0 19.5 24 37 
0 298.0 21.0 38 40 
0 141.0 4.0 2 2 
0 120.0 6.5 2 3 
0 150.0 25.5 24 37 
0 251.0 23.0 44 26 
0 348.5 35.5 19 45 
0 120.0 18.0 2 2 
0 166.5 26.5 9 19 
0 368.0 20.5 4 7 
0 387.5 43.5 31 41 
0 121.5 28.5 5 9 
0 365.0 30.0 4 10 
0 481.5 54.5 27 53 
0 171.5 32.5 5 7 
0 525.5 41.0 35 24 
0 261.0 33.5 4 5 
0 574.5 43.0 29 22 
0 804.0 36.5 2 3 
0 621.5 54.0 31 36 
0 804.0 62.5 32 53 
0 716.0 59.0 34 44 
0 498.0 43.5 2 5 
0 465.5 60.0 5 36 
0 850.5 67.5 29 51 
0 805.0 44.0 4 2 
0 982.0 49.5 12 9 
0 763.0 58.0 26 22 
0 747.0 49.5 2 3 
0 498.0 50.5 2 3 
0 736.0 56.0 4 6 
0 952.5 55.5 3 3 
0 384.5 57.5 7 3 
0 377.5 58.0 3 2 
0 395.0 58.0 8 2 
0 953.0 84.5 34 55 
0 996.5 75.0 29 34 
0 978.5 76.0 3 34 
0 30.5 79.0 29 38 
0 782.0 71.5 2 3 
0 867.0 72.0 2 2 
0 821.5 73.5 3 3 
0 848.0 89.5 6 5 
0 338.5 91.0 3 2 
0 594.5 112.5 51 45 
0 366.0 109.0 42 34 
0 515.5 115.0 55 42 
0 734.5 122.0 33 36 
0 935.0 108.0 10 8 
0 41.5 127.5 41 41 
0 12.0 111.5 4 7 
0 18.0 109.5 2 3 
0 27.0 110.0 4 4 
0 389.0 115.0 2 2 
0 945.0 118.0 6 6 
0 839.0 131.0 30 30 
0 951.0 118.5 6 5 
0 964.5 140.5 37 47 
0 368.5 145.0 47 36 
0 496.5 136.5 3 3 
0 819.0 137.0 2 2 
0 981.5 143.0 5 10 
0 824.5 143.0 5 4 
0 39.0 163.0 38 42 
0 505.5 157.5 39 31 
0 592.5 164.0 49 44 
0 830.5 146.0 5 6 
0 818.0 147.5 2 3 
0 830.0 170.0 42 42 
0 744.0 154.0 2 2 
0 741.0 170.5 50 29 
0 978.0 159.5 6 5 
0 963.0 167.0 2 2 
0 948.5 180.5 7 27 
0 854.0 172.0 4 6 
0 977.0 170.0 2 2 
0 968.0 189.0 30 36 
0 368.0 193.0 40 32 
0 9.5 187.0 7 12 
0 484.0 186.5 4 7 
0 29.0 188.0 22 6 
0 501.0 198.5 22 27 
0 346.0 194.5 4 9 
0 39.5 209.5 39 35 
0 825.5 194.0 3 4 
0 839.5 195.5 5 5 
0 855.0 194.0 2 2 
0 606.5 210.5 29 33 
0 848.0 196.0 4 4 
0 21.0 197.0 2 2 
0 484.0 201.0 2 2 
0 735.5 216.5 25 33 
0 373.0 208.5 8 9 
0 381.5 207.0 7 6 
0 18.5 218.5 15 27 
0 819.0 206.5 2 3 
0 387.0 207.5 2 3 
0 816.0 207.0 2 2 
0 839.5 218.0 33 24 
0 507.5 217.0 3 8 
0 340.0 221.0 4 12 
0 500.5 218.0 11 6 
0 717.0 220.0 4 10 
0 489.0 218.0 4 4 
0 750.0 218.0 2 2 
0 966.5 230.5 23 27 
0 589.0 243.5 54 51 
0 367.0 233.0 42 26 
0 495.5 241.5 63 35 
0 720.0 228.0 4 6 
0 751.0 231.0 4 6 
0 982.0 230.0 2 2 
0 14.0 250.5 6 29 
0 834.0 256.5 42 41 
0 838.0 237.0 2 2 
0 729.5 238.5 3 3 
0 41.0 255.5 48 29 
0 739.0 258.5 42 33 
0 957.0 247.5 10 5 
0 620.0 247.5 2 3 
0 374.5 270.0 47 34 
0 947.5 260.0 3 12 
0 967.0 273.0 28 34 
0 498.5 260.0 3 4 
0 507.0 260.5 4 5 
0 486.0 260.0 2 2 
0 483.5 275.0 7 20 
0 47.0 269.5 10 5 
0 514.0 271.5 2 3 
0 762.0 273.0 2 4 
0 597.5 274.5 3 3 
0 503.5 288.5 31 29 
0 601.0 290.0 48 32 
0 840.0 278.5 4 5 
0 13.5 280.5 3 5 
0 44.5 292.5 35 29 
0 856.0 279.5 2 3 
0 742.0 318.5 46 71 
0 823.0 300.5 60 35 
0 386.0 298.0 12 8 
0 364.0 300.0 2 2 
0 373.0 300.5 4 3 
0 972.0 313.0 36 28 
0 508.0 320.5 42 39 
0 372.5 320.0 53 36 
0 402.5 315.0 5 10 
0 341.0 314.0 4 6 
0 44.5 353.0 53 78 
0 596.0 331.0 50 26 
0 396.5 320.5 3 3 
0 343.0 322.0 4 4 
0 839.5 347.5 27 37 
0 977.0 349.5 36 31 
0 268.5 341.5 3 3 
0 277.0 342.0 2 2 
0 261.5 370.5 31 57 
0 258.5 345.0 3 4 
0 255.5 353.5 3 11 
0 620.0 351.5 6 7 
0 626.0 351.0 4 4 
0 383.0 352.0 2 2 
0 496.5 385.0 49 64 
0 391.0 381.5 32 55 
0 629.5 358.5 11 7 
0 350.0 384.0 44 48 
0 625.5 388.5 27 57 
0 296.0 382.5 34 43 
0 15.5 377.5 7 31 
0 323.5 367.0 3 4 
0 323.5 372.5 3 5 
0 239.0 388.0 6 26 
0 580.0 398.0 32 44 
0 523.0 378.0 2 2 
0 326.5 381.5 3 7 
0 490.5 381.5 5 7 
0 531.5 401.5 33 39 
0 718.0 412.0 38 50 
0 316.0 390.5 4 3 
0 760.0 391.0 4 4 
0 327.0 395.0 4 10 
0 783.0 392.0 2 2 
0 770.0 413.5 30 39 
0 815.0 410.5 36 33 
0 853.0 415.5 36 41 
0 370.5 398.5 3 3 
0 781.0 408.5 2 19 
0 377.0 406.0 8 8 
0 296.0 404.0 2 2 
0 370.5 404.5 3 3 
0 748.0 413.5 4 21 
0 1000.5 426.0 35 44 
0 1022.5 415.0 3 22 
0 956.5 427.5 33 41 
0 494.0 416.0 2 4 
0 729.0 425.5 18 9 
0 794.0 428.5 6 11 
0 937.0 432.0 4 12 
0 812.5 431.5 29 9 
0 933.0 429.0 2 2 
0 931.0 443.0 4 8 
0 715.0 443.0 2 4 
0 259.5 507.5 29 39 
0 347.0 508.0 30 34 
0 303.0 507.5 28 29 
0 388.0 509.5 34 27 
0 619.5 503.0 13 8 
0 490.0 512.0 30 22 
0 533.5 518.5 33 31 
0 577.0 521.0 28 32 
0 557.5 518.5 9 21 
0 624.5 529.5 33 41 
0 363.0 515.5 8 11 
0 605.0 522.0 4 22 
0 280.0 515.0 4 6 
0 286.0 514.0 2 2 
0 727.0 542.5 54 59 
0 803.0 538.5 42 39 
0 777.5 532.0 7 18 
0 515.0 529.0 6 6 
0 838.0 540.5 4 29 
0 859.0 545.0 30 38 
0 336.0 529.0 2 2 
0 348.5 529.5 7 3 
0 945.0 529.0 2 2 
0 590.0 532.5 8 5 
0 536.5 533.0 5 4 
0 599.0 534.5 4 5 
0 958.5 546.5 31 27 
0 999.0 558.0 32 44 
0 640.5 540.0 5 4 
0 648.5 540.5 7 5 
0 599.5 543.5 7 7 
0 776.0 552.5 4 13 
0 622.5 553.5 13 7 
0 946.0 560.0 14 6 
0 384.5 585.5 59 53 
0 503.5 585.5 53 47 
0 842.5 565.5 5 5 
0 850.0 565.5 8 5 
0 598.5 602.0 55 72 
0 733.0 575.5 20 7 
0 749.0 579.0 2 2 
0 487.0 580.0 2 2 
0 630.5 587.5 3 5 
0 843.5 605.5 23 33 
0 746.0 607.5 52 31 
0 977.0 613.0 46 34 
0 372.0 624.0 50 32 
0 629.0 613.5 2 7 
0 484.5 629.5 5 21 
0 508.5 627.5 35 17 
0 849.0 646.5 34 35 
0 607.0 633.0 4 4 
0 614.0 633.5 8 5 
0 742.0 650.0 42 36 
0 581.0 645.0 2 2 
0 975.0 683.5 40 75 
0 583.0 650.0 2 2 
0 585.0 653.0 2 2 
0 350.0 665.5 6 25 
0 375.0 665.5 40 23 
0 741.5 664.5 7 5 
0 607.0 678.5 36 29 
0 841.5 684.0 41 32 
0 741.0 690.0 40 30 
0 954.0 692.0 4 14 
0 612.5 697.5 23 7 
0 842.0 731.0 34 38 
0 742.5 729.0 47 30 
0 972.5 747.0 37 26 
0 31.5 1020.5 11 7 
