0 17.5 11.0 25 22 
0 69.5 8.5 27 17 
0 116.5 10.0 29 20 
0 135.0 3.0 4 6 
0 224.5 6.0 43 12 
0 272.5 4.0 31 8 
0 331.5 12.0 21 24 
0 373.5 14.0 33 28 
0 474.0 21.0 26 42 
0 521.5 5.5 37 11 
0 574.5 4.5 31 9 
0 624.5 15.0 33 30 
0 725.5 16.5 35 33 
0 760.0 0.5 2 1 
0 776.0 8.0 28 16 
0 792.0 0.5 2 1 
0 818.5 20.5 35 41 
0 869.5 15.5 31 31 
0 890.0 5.5 2 11 
0 978.5 28.0 35 56 
0 994.0 8.5 2 17 
0 1007.0 15.5 4 31 
0 1017.0 15.5 14 31 
0 746.0 4.5 4 7 
0 458.0 22.0 4 40 
0 759.0 3.0 2 2 
0 840.0 5.0 2 4 
0 41.0 5.0 2 2 
0 89.5 5.5 5 3 
0 238.0 8.5 6 7 
0 247.5 6.5 3 3 
0 492.0 9.0 2 2 
0 54.0 10.5 4 3 
0 588.5 14.5 3 7 
0 887.0 16.0 2 8 
0 838.5 16.5 5 7 
0 796.0 19.5 2 3 
0 644.0 20.0 2 2 
0 371.5 24.0 5 2 
0 822.0 32.5 2 3 
0 867.0 34.0 6 4 
0 875.0 34.5 8 5 
0 960.0 50.5 10 7 
0 2.0 65.5 4 29 
0 971.0 60.5 6 5 
0 510.0 80.5 60 43 
0 594.5 79.0 55 40 
0 977.0 62.0 6 4 
0 351.5 81.5 49 35 
0 373.0 67.0 2 6 
0 992.0 87.5 40 47 
0 745.5 81.5 35 31 
0 857.0 83.5 32 31 
0 473.5 73.0 3 4 
0 511.5 99.0 3 2 
0 841.5 100.0 5 4 
0 848.0 124.0 44 50 
0 12.0 120.5 24 39 
0 833.5 107.0 3 6 
0 855.5 106.0 3 4 
0 1006.0 106.0 4 4 
0 490.5 107.0 5 4 
0 353.5 124.5 47 35 
0 481.0 108.0 2 2 
0 494.0 108.0 2 2 
0 985.0 109.0 2 2 
0 499.5 127.0 43 36 
0 593.0 133.0 52 42 
0 755.5 113.0 3 2 
0 875.0 121.0 2 10 
0 974.5 131.5 7 31 
0 983.0 117.0 2 2 
0 988.5 117.0 3 2 
0 999.0 117.0 2 2 
0 752.0 132.5 54 31 
0 995.5 137.5 33 41 
0 874.5 138.5 3 3 
0 1011.0 142.0 2 2 
0 11.0 165.0 22 40 
0 875.0 150.0 2 2 
0 842.5 153.5 3 3 
0 858.0 153.5 6 3 
0 867.0 153.5 4 3 
0 991.5 154.0 3 2 
0 351.5 175.5 47 35 
0 478.0 161.5 4 7 
0 330.0 163.5 4 7 
0 595.0 161.0 6 2 
0 495.0 176.5 24 31 
0 747.0 182.5 26 35 
0 872.0 166.0 2 2 
0 608.0 184.0 32 36 
0 855.0 181.5 42 29 
0 831.5 172.0 3 6 
0 1011.0 174.0 2 10 
0 994.0 188.0 26 30 
0 338.5 180.0 5 2 
0 348.0 180.5 6 3 
0 727.5 187.5 3 11 
0 762.0 183.5 2 3 
0 1011.0 183.5 2 3 
0 1.0 188.0 2 4 
0 763.5 193.0 5 14 
0 374.0 189.5 2 5 
0 358.5 192.5 7 7 
0 368.0 191.0 8 4 
0 4.5 196.5 9 7 
0 500.0 195.5 8 5 
0 730.5 196.5 3 5 
0 483.0 197.0 4 4 
0 492.5 197.0 5 4 
0 11.0 214.0 22 28 
0 325.0 209.0 6 14 
0 590.5 224.5 57 45 
0 984.5 206.0 11 4 
0 329.5 206.0 3 2 
0 489.0 224.0 70 36 
0 528.5 210.0 3 8 
0 740.0 209.0 4 4 
0 351.0 221.5 44 27 
0 734.0 209.0 2 2 
0 852.0 226.5 44 37 
0 750.5 230.5 45 33 
0 974.0 220.5 4 13 
0 994.5 234.5 31 35 
0 775.0 233.5 2 25 
0 876.0 241.5 2 13 
0 621.0 242.0 2 2 
0 502.0 244.0 4 4 
0 480.0 244.0 2 2 
0 493.0 244.5 4 3 
0 859.0 247.0 4 4 
0 356.0 263.5 46 35 
0 564.0 247.0 2 2 
0 12.5 262.0 25 26 
0 476.0 260.0 4 18 
0 498.0 253.0 6 2 
0 504.0 253.0 2 2 
0 510.0 255.0 2 4 
0 599.0 256.0 4 4 
0 607.0 255.0 4 2 
0 840.5 273.5 65 37 
0 602.5 273.5 51 35 
0 755.0 297.5 50 81 
0 498.0 276.5 34 31 
0 479.0 268.0 2 2 
0 998.5 281.0 39 28 
0 479.0 272.0 4 4 
0 10.5 278.0 11 4 
0 355.5 288.5 3 3 
0 374.0 295.0 6 6 
0 353.0 295.0 2 2 
0 368.5 296.0 3 4 
0 349.5 296.0 3 2 
0 359.0 296.5 4 3 
0 12.5 308.0 25 24 
0 501.0 315.5 46 37 
0 358.5 318.5 61 37 
0 858.0 324.0 28 44 
0 597.0 320.0 54 28 
0 1004.5 324.0 39 30 
0 324.5 312.5 3 5 
0 325.0 323.0 2 4 
0 340.5 335.0 15 4 
0 356.5 335.0 15 4 
0 623.0 341.0 6 6 
0 17.5 356.5 35 35 
0 636.0 342.0 4 6 
0 629.0 342.5 4 5 
0 247.5 349.0 5 4 
0 256.0 348.5 2 3 
0 634.5 350.0 13 6 
0 235.0 352.0 6 4 
0 254.0 353.5 4 7 
0 383.0 351.0 10 2 
0 369.5 354.0 3 2 
0 394.0 358.0 2 8 
0 629.5 384.5 29 61 
0 233.0 362.0 4 12 
0 237.5 384.0 31 56 
0 376.0 386.0 34 60 
0 486.5 388.0 47 64 
0 351.5 381.0 11 36 
0 647.0 368.0 2 8 
0 325.0 369.0 2 2 
0 338.5 369.0 5 2 
0 279.5 392.0 31 46 
0 306.0 373.0 4 4 
0 581.0 395.5 34 47 
0 502.0 374.0 2 2 
0 506.0 379.5 8 11 
0 329.5 393.5 31 37 
0 511.0 377.0 2 2 
0 515.0 377.0 4 2 
0 520.0 378.0 4 4 
0 728.5 404.0 41 56 
0 773.5 378.0 3 4 
0 791.5 377.0 7 2 
0 306.0 380.0 4 6 
0 843.5 378.0 3 2 
0 12.0 397.5 24 39 
0 483.0 382.0 6 8 
0 872.5 399.0 37 42 
0 515.0 380.0 2 2 
0 1.0 382.5 2 5 
0 831.5 397.5 39 35 
0 527.0 383.0 4 4 
0 261.0 383.0 2 2 
0 529.0 401.5 36 39 
0 784.0 403.5 32 43 
0 215.5 400.5 7 29 
0 309.5 389.0 3 6 
0 761.0 403.0 4 24 
0 983.0 410.0 36 32 
0 1018.0 411.5 12 31 
0 260.0 406.5 6 19 
0 297.0 401.0 2 4 
0 309.5 404.5 3 11 
0 891.0 403.0 2 2 
0 356.5 406.0 3 2 
0 962.0 415.0 6 14 
0 894.0 411.0 2 2 
0 363.5 414.5 7 7 
0 809.0 417.0 6 12 
0 322.0 413.0 2 2 
0 391.0 414.0 8 4 
0 316.0 415.0 8 4 
0 835.0 420.0 18 8 
0 818.5 422.5 11 7 
0 824.0 422.0 2 2 
0 858.5 422.5 3 3 
0 956.5 427.0 3 8 
0 724.5 438.5 3 3 
0 623.5 511.0 13 6 
0 268.0 513.0 4 2 
0 286.5 513.0 3 2 
0 329.5 531.5 33 37 
0 236.0 533.5 32 39 
0 376.0 527.0 32 26 
0 274.5 516.0 3 2 
0 279.0 516.0 2 2 
0 282.0 516.0 2 2 
0 531.5 533.5 37 35 
0 484.0 529.5 34 25 
0 576.0 536.5 32 39 
0 283.5 533.0 31 30 
0 547.0 524.5 2 13 
0 840.0 520.5 2 5 
0 624.0 545.5 38 53 
0 738.0 552.0 56 64 
0 877.5 541.5 29 43 
0 819.0 542.0 46 42 
0 558.5 526.5 7 9 
0 969.5 525.5 3 3 
0 981.5 526.0 3 2 
0 994.0 526.0 2 2 
0 648.0 535.0 4 18 
0 856.0 543.0 4 32 
0 791.5 537.5 7 19 
0 966.0 529.0 2 2 
0 985.5 542.5 35 27 
0 558.5 535.5 7 11 
0 1018.0 554.0 12 48 
0 254.0 539.0 2 2 
0 260.0 544.5 10 7 
0 348.0 543.0 8 4 
0 365.0 543.0 14 4 
0 653.5 543.5 5 5 
0 643.0 544.5 4 5 
0 376.5 546.0 3 4 
0 511.0 547.0 6 6 
0 527.0 548.0 18 8 
0 592.0 547.0 8 4 
0 265.0 547.0 2 2 
0 601.0 550.0 4 6 
0 274.0 550.0 4 4 
0 245.5 553.5 7 9 
0 268.5 550.0 3 2 
0 841.0 550.5 2 3 
0 895.0 552.0 2 2 
0 656.0 553.0 2 2 
0 790.0 556.0 4 6 
0 644.0 555.0 2 2 
0 602.0 559.5 8 5 
0 972.5 560.0 15 4 
0 790.0 562.0 4 4 
0 876.0 564.5 2 3 
0 887.0 565.0 4 4 
0 892.5 565.0 5 4 
0 861.5 570.5 5 3 
0 869.0 571.0 8 4 
0 762.0 585.0 2 12 
0 743.0 588.5 22 7 
0 600.5 627.0 59 74 
0 368.5 615.0 55 48 
0 498.0 611.0 54 40 
0 634.5 623.0 5 52 
0 861.5 617.5 25 33 
0 1002.5 618.5 43 35 
0 764.0 603.0 10 2 
0 758.0 622.0 54 32 
0 394.5 623.0 5 8 
0 584.0 628.0 6 14 
0 337.0 645.0 2 2 
0 340.0 660.5 16 31 
0 360.0 646.0 10 2 
0 370.5 646.0 7 2 
0 378.0 646.0 2 2 
0 867.5 663.0 37 36 
0 361.5 662.0 47 30 
0 479.0 655.5 4 15 
0 502.5 659.5 39 21 
0 753.0 667.0 44 32 
0 1001.5 669.5 39 31 
0 610.0 659.5 4 3 
0 618.0 660.0 8 4 
0 582.0 676.5 6 13 
0 357.0 674.0 12 4 
0 585.5 684.0 3 4 
0 754.0 687.0 6 4 
0 770.0 688.0 12 4 
0 990.0 688.0 8 4 
0 998.0 688.0 6 4 
0 1003.0 710.0 42 48 
0 986.0 692.0 2 2 
0 337.0 693.0 2 2 
0 345.0 693.0 2 2 
0 859.0 706.0 44 28 
0 609.5 709.5 39 31 
0 334.0 707.5 4 25 
0 360.0 707.5 42 23 
0 985.5 698.0 3 2 
0 753.5 715.0 43 30 
0 981.0 706.5 4 13 
0 1001.5 701.0 3 2 
0 616.0 731.5 24 5 
0 860.0 759.5 38 37 
0 754.0 761.0 50 32 
0 1001.0 769.5 38 27 
