0 163.0 9.0 2 2 
0 187.5 9.5 7 3 
0 67.5 28.5 37 39 
0 114.0 28.5 28 37 
0 148.5 30.0 31 40 
0 765.5 40.5 39 61 
0 926.5 12.5 15 5 
0 167.0 19.5 6 17 
0 280.0 28.5 38 33 
0 401.0 35.5 32 43 
0 499.0 24.5 6 21 
0 993.0 44.0 62 60 
0 191.5 35.0 47 40 
0 317.5 27.5 25 25 
0 382.0 18.0 2 2 
0 560.0 33.5 46 33 
0 1003.0 18.0 2 2 
0 522.0 29.5 28 23 
0 718.0 25.0 18 14 
0 738.5 21.0 11 6 
0 901.0 19.0 2 2 
0 484.5 44.5 25 51 
0 685.0 40.0 34 42 
0 361.0 37.0 34 34 
0 609.5 40.0 39 40 
0 715.0 21.0 2 2 
0 897.0 21.5 4 3 
0 807.5 42.0 45 42 
0 936.0 39.5 26 37 
0 746.0 31.5 6 19 
0 1022.0 23.5 4 3 
0 730.5 34.5 23 21 
0 895.5 53.0 27 58 
0 913.0 34.5 6 21 
0 992.0 26.5 4 3 
0 169.5 34.0 7 10 
0 785.0 40.0 6 16 
0 713.0 35.0 4 2 
0 120.0 38.0 2 2 
0 128.5 39.0 5 4 
0 121.0 40.5 4 3 
0 300.5 41.0 5 4 
0 498.0 40.0 2 2 
0 772.0 48.5 2 3 
0 100.0 49.0 2 2 
0 108.0 50.5 12 5 
0 185.0 51.5 4 3 
0 914.5 54.5 3 3 
0 806.0 61.5 6 3 
0 754.0 65.5 6 3 
0 884.0 77.0 6 2 
0 893.5 86.0 3 2 
0 897.5 86.0 3 2 
0 73.0 102.0 26 26 
0 363.0 90.5 6 3 
0 382.5 107.5 43 35 
0 509.5 108.0 45 36 
0 698.5 107.0 41 28 
0 573.0 109.5 66 31 
0 898.0 95.0 2 2 
0 793.0 109.5 32 27 
0 909.0 114.0 32 34 
0 998.5 118.0 33 30 
0 767.0 123.0 2 2 
0 776.0 126.0 4 2 
0 76.0 129.0 10 6 
0 787.5 147.5 41 43 
0 921.5 127.5 5 3 
0 85.0 128.0 4 2 
0 776.5 129.0 5 2 
0 798.0 129.0 2 2 
0 501.5 148.0 37 38 
0 905.0 130.0 2 2 
0 768.5 133.5 7 5 
0 83.0 151.0 58 32 
0 579.0 155.0 46 38 
0 810.0 137.0 2 2 
0 378.0 149.5 30 25 
0 812.5 154.0 9 34 
0 899.5 139.0 3 2 
0 904.5 139.0 3 2 
0 912.0 139.0 4 2 
0 910.5 156.5 35 37 
0 710.5 154.0 43 28 
0 1006.0 158.5 26 37 
0 84.0 189.0 58 36 
0 800.0 172.5 4 3 
0 788.0 173.0 2 2 
0 808.5 173.0 3 2 
0 383.5 194.5 39 35 
0 488.5 180.0 3 2 
0 586.5 181.5 11 3 
0 601.0 183.0 12 6 
0 499.5 200.0 23 34 
0 790.0 200.0 54 34 
0 914.5 185.5 7 3 
0 924.5 193.5 9 17 
0 710.5 201.5 31 31 
0 587.5 202.5 43 31 
0 910.0 205.0 24 28 
0 1000.0 207.0 24 32 
0 692.0 201.0 2 2 
0 66.5 210.5 15 7 
0 86.0 210.0 18 2 
0 380.5 211.0 3 2 
0 384.5 211.0 3 2 
0 389.5 214.0 3 2 
0 489.5 215.0 3 2 
0 90.5 231.0 45 32 
0 905.0 221.0 8 2 
0 360.5 224.0 7 6 
0 498.5 240.0 65 34 
0 704.5 225.5 17 5 
0 381.5 238.5 43 27 
0 712.5 243.5 43 35 
0 573.0 245.0 58 34 
0 900.5 229.5 13 3 
0 606.0 235.5 6 11 
0 793.0 246.0 48 32 
0 908.0 248.5 26 33 
0 717.5 234.0 3 2 
0 1012.0 234.0 4 2 
0 719.5 237.0 3 2 
0 1021.5 240.0 5 8 
0 992.5 253.5 45 29 
0 604.0 251.0 6 16 
0 77.5 254.0 9 2 
0 498.0 259.0 2 2 
0 505.5 259.0 3 2 
0 566.5 260.0 11 2 
0 799.5 260.5 5 3 
0 559.0 261.5 2 3 
0 72.0 262.5 4 3 
0 82.0 262.5 14 3 
0 378.5 281.0 39 28 
0 507.0 269.5 18 5 
0 781.0 284.5 58 35 
0 87.5 280.5 33 25 
0 589.0 271.0 20 6 
0 711.0 309.0 42 78 
0 501.0 290.0 30 28 
0 586.0 289.5 38 27 
0 1002.5 294.0 33 34 
0 1020.5 279.5 5 5 
0 909.0 293.0 36 26 
0 1021.0 292.5 6 19 
0 99.5 295.0 7 2 
0 83.5 306.5 27 3 
0 387.0 308.5 18 5 
0 79.0 325.0 48 26 
0 796.5 332.0 27 40 
0 384.0 330.5 44 33 
0 502.0 330.0 34 32 
0 1020.0 316.0 8 2 
0 1001.5 331.5 45 29 
0 581.0 331.0 46 26 
0 698.5 319.0 3 2 
0 913.0 334.0 42 30 
0 408.5 326.5 7 3 
0 359.5 334.0 5 4 
0 2.0 337.5 4 3 
0 609.5 348.0 3 2 
0 613.0 354.5 24 15 
0 996.0 351.0 2 2 
0 1002.5 354.0 7 2 
0 81.0 371.5 48 29 
0 294.0 359.0 2 2 
0 288.5 388.0 31 60 
0 407.5 360.5 9 3 
0 290.5 362.0 3 2 
0 284.5 364.0 3 4 
0 403.0 391.0 32 58 
0 625.5 370.0 5 16 
0 605.5 392.5 29 55 
0 485.5 392.5 53 51 
0 5.0 374.5 10 5 
0 975.5 374.0 3 2 
0 992.0 374.0 4 2 
0 979.0 399.0 38 48 
0 1013.0 401.0 22 52 
0 332.0 377.0 2 2 
0 365.0 377.5 16 3 
0 322.5 400.5 37 43 
0 366.0 401.0 36 42 
0 571.5 401.5 29 41 
0 737.5 382.5 21 3 
0 775.0 400.5 32 37 
0 693.0 409.0 34 52 
0 524.5 401.5 25 35 
0 809.5 403.0 43 38 
0 488.5 389.5 3 7 
0 538.0 406.5 14 37 
0 737.5 407.5 29 39 
0 75.0 394.0 4 2 
0 80.5 394.0 3 2 
0 938.5 410.5 37 33 
0 895.5 416.5 45 35 
0 83.0 412.0 14 24 
0 389.0 419.0 2 2 
0 71.5 420.0 3 2 
0 270.0 420.0 4 2 
0 484.0 421.5 6 5 
0 698.5 420.0 7 2 
0 777.0 421.0 10 2 
0 393.0 422.0 4 2 
0 759.0 423.5 4 3 
0 765.0 424.0 6 2 
0 771.0 425.5 4 5 
0 785.0 424.0 4 2 
0 77.5 426.5 15 3 
0 380.5 427.5 5 3 
0 82.0 430.0 4 2 
0 688.5 440.0 3 2 
0 605.0 508.0 14 6 
0 312.0 512.5 6 3 
0 328.0 513.0 6 2 
0 325.0 529.0 30 34 
0 362.0 530.0 28 36 
0 380.5 514.0 3 2 
0 402.0 525.5 32 25 
0 544.5 534.0 65 42 
0 765.0 535.5 42 45 
0 318.0 515.5 8 3 
0 294.0 533.5 46 37 
0 489.0 527.0 32 22 
0 606.5 541.0 41 50 
0 686.0 518.0 6 2 
0 378.5 530.0 9 22 
0 899.0 520.5 6 3 
0 910.5 520.5 3 3 
0 700.0 551.5 48 63 
0 719.0 521.5 4 3 
0 974.5 539.0 25 38 
0 551.0 522.0 2 2 
0 814.5 540.0 33 38 
0 993.0 526.5 6 11 
0 626.5 532.5 15 21 
0 902.0 538.5 32 31 
0 742.0 525.0 2 2 
0 935.5 547.5 27 45 
0 550.5 527.5 3 3 
0 1009.0 548.5 30 45 
0 549.5 533.0 5 2 
0 742.0 533.0 2 2 
0 389.5 540.0 11 2 
0 526.0 542.0 6 2 
0 579.0 542.5 8 3 
0 522.0 545.0 8 2 
0 531.5 546.0 3 2 
0 612.0 549.0 2 2 
0 626.0 550.5 4 3 
0 612.5 552.0 5 2 
0 586.0 554.5 6 3 
0 813.0 557.5 4 3 
0 800.0 563.0 2 2 
0 806.5 563.0 7 2 
0 701.5 579.5 17 3 
0 579.5 616.0 59 54 
0 613.5 614.0 9 50 
0 386.5 607.5 63 33 
0 793.5 607.5 29 33 
0 492.0 607.5 54 31 
0 719.5 594.5 9 3 
0 1014.0 595.0 2 2 
0 918.5 609.5 41 29 
0 1019.5 598.0 3 2 
0 712.5 612.0 41 28 
0 1001.5 612.0 29 26 
0 485.0 603.0 2 2 
0 1021.0 609.0 6 4 
0 1019.0 623.0 6 22 
0 400.0 626.5 6 3 
0 1003.0 630.0 18 2 
0 387.0 649.5 46 29 
0 503.5 648.5 37 23 
0 795.0 652.5 34 31 
0 708.5 655.5 47 31 
0 995.0 656.0 58 32 
0 913.0 656.0 30 30 
0 591.5 648.0 3 2 
0 598.0 648.0 6 2 
0 566.0 668.0 22 18 
0 371.5 663.0 11 2 
0 385.0 663.0 8 2 
0 361.0 671.5 4 11 
0 569.0 673.0 2 2 
0 712.5 673.0 5 2 
0 724.0 673.0 6 2 
0 904.5 673.0 7 2 
0 911.5 673.0 3 2 
0 919.0 674.5 8 5 
0 914.5 678.0 3 4 
0 1003.5 677.0 17 2 
0 1015.5 677.0 5 2 
0 372.0 680.5 10 3 
0 401.5 680.5 5 3 
0 784.0 693.0 42 28 
0 1017.0 680.5 4 3 
0 902.0 681.5 4 3 
0 587.5 695.5 37 29 
0 387.0 694.5 40 25 
0 993.5 699.0 61 34 
0 907.5 684.5 7 3 
0 913.5 684.5 3 3 
0 710.5 698.0 39 24 
0 914.5 703.0 33 26 
0 1022.5 701.0 3 2 
0 965.5 705.0 9 4 
0 598.5 715.5 21 3 
0 999.5 721.0 43 2 
0 1021.5 724.0 5 2 
0 999.5 746.0 49 42 
0 705.5 742.5 39 31 
0 792.0 742.0 38 30 
0 973.5 734.0 7 6 
0 913.0 749.0 34 26 
0 1004.5 765.0 3 2 
0 1019.0 765.0 2 2 
0 981.5 774.5 9 5 
0 991.0 773.5 4 3 
0 997.0 774.0 6 4 
