0 12.5 2.5 5 5 
0 26.0 1.0 2 2 
0 30.0 4.5 8 9 
0 136.0 15.0 70 30 
0 154.5 2.5 5 5 
0 159.0 1.0 2 2 
0 167.0 1.0 2 2 
0 602.5 41.0 51 82 
0 937.0 1.5 4 3 
0 955.5 15.0 35 30 
0 103.0 6.5 4 7 
0 21.5 6.5 9 3 
0 167.0 6.0 2 2 
0 816.5 41.0 91 72 
0 407.0 52.0 38 92 
0 610.0 8.0 4 2 
0 902.0 36.0 38 48 
0 319.5 48.5 41 65 
0 630.5 21.0 7 6 
0 453.5 46.0 25 54 
0 271.5 58.0 41 64 
0 213.0 57.5 32 47 
0 500.5 59.0 39 48 
0 549.5 61.5 35 49 
0 785.0 44.0 2 2 
0 947.5 61.5 35 37 
0 789.0 52.0 10 8 
0 286.5 50.5 5 3 
0 467.0 51.0 2 4 
0 160.5 67.0 45 34 
0 288.0 54.0 2 2 
0 464.0 62.5 8 15 
0 21.5 145.5 43 177 
0 250.0 68.5 4 11 
0 218.0 70.5 2 7 
0 523.5 74.5 5 9 
0 31.0 75.0 2 2 
0 259.0 76.5 8 3 
0 815.0 76.5 4 3 
0 390.0 79.5 6 7 
0 31.0 79.0 2 4 
0 510.0 81.5 24 3 
0 31.0 83.0 2 2 
0 385.0 85.0 6 2 
0 30.5 88.0 3 6 
0 31.0 93.0 2 2 
0 969.5 110.5 27 35 
0 387.5 101.5 13 3 
0 38.0 132.5 4 3 
0 621.0 138.5 12 9 
0 843.0 157.0 70 42 
0 226.0 173.0 54 70 
0 141.0 166.5 44 55 
0 691.0 161.0 44 44 
0 706.5 146.0 5 6 
0 869.5 147.0 5 4 
0 613.0 208.0 38 124 
0 670.0 148.0 2 2 
0 428.5 169.0 49 40 
0 37.5 153.0 3 4 
0 303.5 174.5 73 47 
0 300.0 153.0 2 2 
0 562.0 158.0 2 2 
0 550.5 216.0 35 112 
0 250.0 167.5 2 5 
0 724.0 173.0 2 2 
0 570.5 182.5 7 19 
0 441.0 207.5 54 35 
0 652.5 196.0 3 2 
0 676.5 211.0 51 32 
0 652.5 200.0 3 4 
0 568.0 203.0 2 2 
0 571.0 227.5 6 11 
0 688.5 225.5 3 3 
0 9.5 240.5 19 11 
0 31.0 240.0 22 8 
0 822.0 257.5 34 43 
0 430.5 258.5 43 41 
0 691.0 266.5 34 49 
0 572.5 245.0 3 2 
0 691.5 246.0 3 2 
0 570.5 255.5 5 7 
0 569.5 263.5 3 5 
0 631.0 263.0 2 4 
0 529.5 265.5 5 5 
0 702.0 265.0 2 4 
0 622.5 270.5 25 11 
0 586.5 269.5 3 5 
0 591.0 270.0 4 4 
0 560.0 271.0 2 2 
0 539.5 273.5 7 5 
0 574.5 277.0 7 8 
0 611.5 274.5 3 3 
0 432.5 278.0 3 2 
0 433.0 281.0 2 2 
0 432.0 286.5 4 7 
0 156.0 335.5 32 5 
0 146.5 353.5 53 31 
0 13.5 408.0 27 96 
0 155.0 394.0 56 32 
0 562.0 417.0 36 72 
0 894.5 468.5 119 163 
0 187.0 392.5 2 7 
0 484.0 391.5 4 5 
0 419.5 423.5 31 67 
0 201.0 397.5 2 7 
0 516.5 424.5 33 59 
0 469.5 426.0 37 56 
0 231.0 427.5 38 49 
0 953.5 417.0 3 2 
0 155.0 418.0 4 2 
0 954.0 420.0 4 2 
0 154.5 422.0 5 4 
0 275.5 442.5 43 39 
0 158.5 446.0 57 30 
0 954.0 433.0 4 2 
0 954.0 449.0 4 14 
0 511.0 449.0 14 4 
0 503.0 455.0 4 2 
0 200.0 574.5 166 143 
0 205.5 509.5 3 3 
0 1011.0 578.5 26 141 
0 284.0 516.0 2 2 
0 445.5 526.5 13 13 
0 283.0 527.0 6 6 
0 430.5 528.0 9 8 
0 612.5 528.0 25 6 
0 421.5 527.5 5 3 
0 423.5 554.5 45 55 
0 457.0 550.0 16 42 
0 514.0 549.5 28 41 
0 564.0 548.5 32 39 
0 598.0 530.0 2 2 
0 373.5 550.5 35 41 
0 470.5 550.5 23 41 
0 846.5 548.0 41 34 
0 610.5 549.5 29 35 
0 620.0 533.0 10 2 
0 434.0 534.0 2 2 
0 444.5 534.0 5 2 
0 444.0 537.5 4 3 
0 516.5 553.0 23 34 
0 443.5 542.5 3 5 
0 930.5 549.0 53 18 
0 438.0 550.0 2 2 
0 441.0 550.0 2 2 
0 578.0 559.0 4 8 
0 929.0 557.0 4 2 
0 848.0 560.5 8 3 
0 860.0 560.5 14 3 
0 215.5 567.5 89 9 
0 261.5 564.0 9 2 
0 268.0 567.5 18 9 
0 925.5 585.0 33 44 
0 2.5 598.0 5 66 
0 210.0 566.0 4 2 
0 239.0 566.0 2 2 
0 280.0 567.0 2 2 
0 889.0 586.5 34 41 
0 991.5 590.5 5 45 
0 843.5 586.0 41 28 
0 865.5 581.5 5 11 
0 842.0 602.5 14 3 
0 859.0 602.5 18 3 
0 834.0 606.0 4 2 
0 829.5 611.5 7 5 
0 846.0 627.0 44 32 
0 926.5 634.5 33 41 
0 891.0 635.5 38 39 
0 872.5 633.0 3 4 
0 832.0 641.5 4 3 
0 211.5 644.5 5 3 
0 218.0 644.5 4 3 
0 209.0 649.0 136 12 
0 234.0 644.5 4 3 
0 180.0 645.0 4 2 
0 333.5 673.0 33 52 
0 845.5 664.0 45 28 
0 1005.0 654.5 2 5 
0 889.0 656.0 18 6 
0 885.0 657.0 4 2 
0 897.5 657.0 5 2 
0 992.5 657.5 3 3 
0 866.0 663.5 4 3 
0 14.0 684.0 28 34 
0 1002.0 751.0 44 168 
0 903.5 723.5 133 71 
0 985.5 697.0 11 6 
0 965.0 703.5 10 5 
0 2.5 705.5 5 5 
0 7.0 704.0 4 2 
0 22.0 704.0 2 2 
0 990.0 705.0 2 2 
0 15.0 707.0 18 2 
0 988.5 708.0 5 2 
0 987.5 713.0 7 6 
0 980.5 712.0 3 2 
0 964.0 714.5 8 3 
0 963.5 729.0 7 6 
0 985.0 742.0 4 6 
0 47.5 748.0 3 2 
0 32.0 807.0 64 112 
0 888.0 893.0 272 262 
0 951.5 803.5 71 51 
0 845.0 783.0 6 2 
0 914.0 792.0 2 2 
0 19.0 805.0 2 4 
0 49.0 805.0 4 2 
0 990.0 815.0 4 14 
0 850.0 825.0 2 2 
0 1022.5 829.0 3 8 
0 946.5 827.5 9 3 
0 957.5 827.5 11 3 
0 977.5 828.5 21 5 
0 850.0 828.0 2 2 
0 813.5 831.0 3 2 
0 849.5 832.5 3 5 
0 936.0 831.0 2 2 
0 990.0 831.0 2 2 
0 821.5 836.0 3 2 
0 902.0 838.5 2 5 
0 906.0 843.5 10 3 
0 903.0 854.5 2 7 
0 754.0 859.5 4 5 
0 906.5 870.5 11 17 
0 754.0 872.0 4 18 
0 446.5 908.5 117 49 
0 753.5 888.0 3 4 
0 598.5 907.0 69 30 
0 923.0 900.0 12 12 
0 937.5 897.5 17 5 
0 969.5 904.0 3 2 
0 1007.0 906.5 2 3 
0 970.0 908.0 2 2 
0 984.5 909.5 7 5 
0 938.5 910.5 5 5 
0 968.0 911.0 14 2 
0 818.0 915.0 2 2 
0 824.0 915.0 2 2 
0 827.0 915.0 2 2 
0 837.0 915.0 2 2 
0 815.5 920.0 5 6 
0 826.5 920.5 9 7 
0 600.0 922.5 12 3 
0 619.0 922.5 24 3 
0 592.0 923.0 2 2 
0 842.0 925.0 2 2 
0 842.0 931.0 4 2 
0 779.0 1022.5 6 3 
0 790.0 1022.5 2 3 
