0 2.0 1.0 4 2 
0 21.0 1.0 2 2 
0 92.5 4.0 3 8 
0 126.0 14.0 70 28 
0 145.5 1.5 3 3 
0 597.0 40.5 54 81 
0 948.5 15.5 37 31 
0 15.5 6.0 17 6 
0 402.0 5.0 2 4 
0 811.0 42.0 92 76 
0 399.0 49.5 38 85 
0 895.5 36.5 39 49 
0 311.0 46.5 40 65 
0 625.0 18.5 4 3 
0 391.0 19.0 2 2 
0 446.5 45.5 27 55 
0 821.0 24.5 2 3 
0 262.5 56.5 41 65 
0 203.0 55.0 32 48 
0 492.5 58.0 39 48 
0 542.5 60.5 35 49 
0 476.5 44.0 5 10 
0 786.0 44.5 2 5 
0 943.0 62.0 34 38 
0 515.5 62.0 5 34 
0 151.0 64.5 46 37 
0 459.0 50.0 2 4 
0 133.0 52.0 2 2 
0 16.0 141.5 32 179 
0 482.0 55.0 2 2 
0 240.5 66.5 3 11 
0 209.0 67.0 2 4 
0 20.0 74.0 2 2 
0 381.0 78.5 6 7 
0 20.0 84.5 4 17 
0 502.0 80.5 24 3 
0 377.0 84.0 6 2 
0 963.5 111.5 29 37 
0 379.5 100.0 13 4 
0 27.5 129.5 5 3 
0 613.5 138.0 11 10 
0 837.0 157.0 72 42 
0 131.0 165.5 44 57 
0 217.5 171.0 53 68 
0 683.5 161.0 45 44 
0 606.5 208.0 37 124 
0 864.0 148.0 4 4 
0 420.5 168.5 49 41 
0 27.0 151.0 2 4 
0 232.0 151.0 4 2 
0 290.0 151.0 2 2 
0 294.0 173.0 74 46 
0 238.0 156.0 4 6 
0 543.0 214.0 36 116 
0 240.0 164.0 2 2 
0 240.0 167.0 2 2 
0 716.5 172.0 3 2 
0 563.0 183.5 8 21 
0 432.5 206.5 53 35 
0 670.5 210.0 51 34 
0 645.5 198.5 3 7 
0 561.0 205.0 2 6 
0 563.5 234.0 7 24 
0 682.0 226.0 2 2 
0 20.5 237.5 21 9 
0 4.0 239.0 8 10 
0 816.5 256.5 31 43 
0 422.0 257.5 42 41 
0 10.0 239.0 2 2 
0 684.5 267.0 33 48 
0 684.5 246.0 3 2 
0 563.0 259.0 6 14 
0 521.5 265.5 5 5 
0 615.0 270.0 26 12 
0 581.5 268.5 7 5 
0 531.5 272.0 7 6 
0 567.0 276.5 6 7 
0 424.0 283.0 4 14 
0 535.0 278.5 2 3 
0 136.5 349.0 53 36 
0 154.0 377.5 18 3 
0 145.0 392.5 56 31 
0 7.5 381.0 15 2 
0 554.0 416.5 34 73 
0 9.5 384.0 5 2 
0 14.0 384.0 2 2 
0 8.0 397.5 16 21 
0 177.0 391.0 2 6 
0 889.0 469.0 118 162 
0 410.5 422.5 33 67 
0 476.5 391.5 3 5 
0 509.0 425.0 34 62 
0 191.0 397.0 2 2 
0 462.5 425.0 35 58 
0 221.0 426.5 38 49 
0 446.0 411.5 8 5 
0 144.5 418.5 5 7 
0 426.0 422.5 2 15 
0 949.0 418.5 4 7 
0 265.5 441.0 43 38 
0 147.5 442.0 57 34 
0 949.0 434.5 4 3 
0 949.0 450.5 4 13 
0 951.0 491.0 2 10 
0 191.0 577.0 170 150 
0 261.5 508.0 5 6 
0 195.0 507.5 2 3 
0 1019.0 510.0 2 2 
0 1022.5 510.0 3 2 
0 1009.0 581.5 30 139 
0 436.0 528.5 12 19 
0 421.5 527.0 9 8 
0 415.0 554.0 44 56 
0 411.0 527.0 2 2 
0 414.0 527.0 2 2 
0 605.0 530.0 24 8 
0 365.5 550.0 35 42 
0 457.5 549.5 31 41 
0 513.5 531.0 15 4 
0 556.5 548.0 31 38 
0 591.0 530.0 2 2 
0 425.0 532.0 2 2 
0 840.0 549.0 40 36 
0 506.0 551.0 28 38 
0 603.0 549.5 28 35 
0 861.0 550.0 2 24 
0 435.0 541.5 4 5 
0 925.0 550.5 54 19 
0 951.0 548.5 2 7 
0 570.0 557.5 4 11 
0 442.5 561.0 3 12 
0 853.0 561.5 12 3 
0 200.0 564.5 4 3 
0 213.5 564.0 3 2 
0 920.0 586.0 32 44 
0 884.0 587.5 34 41 
0 248.5 570.0 5 4 
0 443.0 569.0 2 2 
0 986.5 592.0 5 44 
0 244.0 574.5 2 3 
0 839.5 587.5 45 27 
0 834.5 605.0 17 6 
0 853.0 603.5 18 3 
0 823.5 612.5 7 5 
0 840.0 628.5 44 31 
0 921.0 636.0 32 42 
0 885.0 639.0 38 42 
0 867.0 634.0 2 4 
0 825.5 642.5 5 3 
0 325.5 672.0 31 52 
0 133.0 650.5 4 3 
0 145.5 650.5 5 3 
0 150.0 650.0 2 2 
0 839.0 665.0 44 28 
0 1003.0 652.0 2 2 
0 1000.0 656.0 2 4 
0 987.5 658.5 3 3 
0 879.0 659.0 4 2 
0 860.0 664.5 4 3 
0 8.5 682.0 17 34 
0 999.0 753.0 50 168 
0 898.5 724.5 135 71 
0 980.0 701.0 12 12 
0 6.5 705.5 13 3 
0 983.5 709.5 5 3 
0 975.0 713.0 2 2 
0 981.5 714.5 7 5 
0 956.0 730.5 2 5 
0 960.0 729.5 4 3 
0 26.5 804.5 53 113 
0 884.5 894.0 279 260 
0 946.0 804.0 70 52 
0 838.0 783.5 6 3 
0 908.0 794.0 2 2 
0 8.0 802.0 2 2 
0 974.5 817.0 25 30 
0 843.0 820.0 2 2 
0 40.5 824.0 3 2 
0 1020.0 830.0 8 8 
0 947.5 828.5 21 3 
0 807.0 832.0 4 2 
0 842.5 833.5 3 5 
0 930.0 832.5 2 3 
0 985.0 832.0 2 2 
0 45.0 839.0 2 2 
0 896.0 840.5 2 5 
0 900.0 845.5 10 3 
0 49.0 849.5 2 3 
0 898.0 855.0 2 2 
0 747.0 860.5 4 5 
0 901.0 862.0 2 2 
0 747.0 873.0 4 18 
0 438.0 908.0 118 48 
0 747.0 889.0 4 4 
0 591.0 907.5 70 29 
0 919.0 901.0 8 12 
0 930.0 898.5 18 5 
0 914.0 901.0 6 6 
0 896.0 901.5 2 5 
0 978.5 911.0 7 6 
0 932.5 911.5 5 5 
0 963.0 910.0 2 2 
0 967.0 910.0 4 2 
0 964.0 912.5 14 3 
0 809.0 918.5 6 9 
0 816.5 915.5 3 3 
0 821.0 917.0 4 6 
0 817.5 923.0 5 4 
0 590.0 923.5 14 3 
0 604.5 923.5 11 3 
0 617.5 923.5 11 3 
0 773.0 1023.0 4 2 
