0 16.0 6.5 32 13 
0 35.5 6.0 7 12 
0 953.0 4.5 22 9 
0 966.0 3.5 8 7 
0 934.0 19.5 16 35 
0 137.5 23.5 69 37 
0 145.5 8.0 3 4 
0 961.0 8.5 4 3 
0 168.0 12.5 2 3 
0 32.0 16.5 6 7 
0 24.5 16.0 9 4 
0 603.0 59.5 54 85 
0 946.5 42.0 33 38 
0 408.5 26.0 3 4 
0 405.0 67.5 38 85 
0 809.0 66.0 90 80 
0 318.0 63.5 40 65 
0 269.0 72.5 42 65 
0 451.5 66.0 27 52 
0 894.0 62.5 38 45 
0 213.0 67.5 32 51 
0 820.0 52.0 2 2 
0 497.5 77.0 39 50 
0 547.0 81.0 34 50 
0 162.0 76.5 44 39 
0 481.5 62.5 5 11 
0 23.0 149.0 46 174 
0 520.5 82.5 5 33 
0 942.5 90.0 29 40 
0 34.0 83.0 2 4 
0 34.0 90.5 2 9 
0 388.5 96.0 5 6 
0 505.5 100.5 23 5 
0 382.5 101.0 3 2 
0 385.5 116.5 13 5 
0 960.5 137.0 27 40 
0 143.0 175.0 42 56 
0 230.0 180.5 46 65 
0 617.0 158.0 12 12 
0 670.0 158.0 2 2 
0 41.0 159.5 2 3 
0 134.5 159.0 3 2 
0 686.5 180.0 43 44 
0 693.0 160.0 2 4 
0 673.0 163.5 18 9 
0 835.5 181.0 71 44 
0 302.0 182.5 72 45 
0 700.5 162.5 3 5 
0 425.5 184.0 49 40 
0 610.0 224.5 36 119 
0 294.0 167.5 2 3 
0 550.5 227.0 41 122 
0 862.0 172.5 4 3 
0 250.0 174.5 2 5 
0 241.0 185.5 2 3 
0 248.0 185.5 4 3 
0 38.5 201.0 5 6 
0 439.5 221.0 51 32 
0 227.0 213.0 4 6 
0 672.5 229.5 51 33 
0 648.0 218.0 4 6 
0 2.5 240.0 5 10 
0 34.5 242.5 21 11 
0 13.5 244.0 17 12 
0 567.0 244.5 4 11 
0 24.0 244.0 2 2 
0 627.0 246.0 2 6 
0 684.0 245.0 2 2 
0 429.0 269.5 40 39 
0 816.0 275.5 32 41 
0 569.5 261.0 3 4 
0 686.5 285.0 33 48 
0 567.5 271.5 5 5 
0 526.5 278.5 5 5 
0 627.0 279.5 2 3 
0 617.0 284.5 22 11 
0 697.0 281.5 2 5 
0 585.0 285.0 8 6 
0 539.0 286.5 2 3 
0 408.0 288.5 2 3 
0 429.5 295.5 5 15 
0 571.5 291.5 5 7 
0 540.0 293.0 2 2 
0 145.0 337.0 2 2 
0 148.5 355.0 51 32 
0 15.0 402.5 30 101 
0 156.5 396.5 55 31 
0 21.0 384.0 4 2 
0 26.0 384.0 2 2 
0 188.0 395.5 2 7 
0 559.5 427.5 35 71 
0 415.5 430.5 29 65 
0 482.0 401.0 2 2 
0 514.0 433.5 34 63 
0 231.0 429.0 38 50 
0 467.0 434.0 36 58 
0 887.5 484.0 117 158 
0 453.5 420.0 3 4 
0 156.0 422.0 4 4 
0 159.5 442.0 57 38 
0 275.0 445.5 42 39 
0 432.0 436.0 2 4 
0 946.0 436.0 4 4 
0 946.0 451.5 4 5 
0 549.0 458.5 2 3 
0 946.0 469.0 4 10 
0 202.0 575.5 166 145 
0 441.0 528.0 4 6 
0 428.0 530.0 10 8 
0 1006.5 594.5 35 137 
0 418.0 531.0 2 2 
0 414.0 534.0 4 6 
0 442.5 536.5 7 9 
0 372.5 553.5 35 41 
0 431.0 535.0 2 2 
0 617.5 537.5 7 7 
0 379.0 551.0 22 32 
0 448.0 536.0 2 2 
0 462.5 555.0 31 40 
0 467.0 536.5 4 3 
0 421.0 560.0 44 48 
0 513.0 537.0 2 2 
0 561.5 555.0 31 38 
0 521.5 538.0 3 2 
0 602.0 538.0 2 2 
0 511.5 557.0 29 38 
0 607.0 554.0 28 32 
0 611.0 539.0 2 2 
0 599.0 540.0 2 2 
0 840.0 560.5 40 37 
0 860.0 552.0 2 2 
0 922.5 564.0 53 20 
0 4.5 586.5 9 59 
0 158.0 561.0 2 2 
0 168.0 561.0 2 2 
0 948.0 562.5 2 5 
0 211.0 562.5 4 3 
0 231.0 562.0 2 2 
0 137.0 563.0 2 2 
0 436.5 574.0 13 24 
0 575.0 565.0 4 6 
0 258.0 569.5 4 3 
0 151.0 572.0 2 2 
0 619.0 573.0 4 4 
0 848.5 573.5 23 5 
0 917.5 599.5 31 43 
0 422.0 580.0 2 2 
0 882.0 599.5 34 41 
0 983.0 605.5 4 43 
0 836.0 598.5 38 25 
0 857.0 591.0 2 2 
0 860.0 596.5 2 5 
0 843.0 615.5 36 7 
0 4.0 621.5 8 3 
0 822.5 622.5 7 5 
0 840.0 638.5 42 31 
0 917.5 647.5 31 41 
0 883.5 649.5 37 41 
0 865.5 645.0 3 4 
0 334.0 670.5 30 49 
0 825.0 651.0 4 4 
0 347.0 652.0 2 2 
0 900.0 658.5 4 7 
0 15.5 673.5 31 31 
0 838.0 674.5 40 27 
0 999.0 664.0 2 2 
0 996.0 667.5 2 5 
0 983.5 670.5 3 3 
0 859.0 674.0 4 4 
0 993.0 687.5 2 15 
0 14.0 694.5 28 9 
0 998.5 768.0 51 154 
0 896.0 732.5 130 71 
0 973.5 701.0 3 2 
0 975.5 707.0 3 4 
0 980.0 706.0 2 2 
0 980.0 720.0 4 6 
0 972.5 722.0 3 2 
0 977.0 724.5 4 3 
0 33.5 791.0 67 112 
0 955.5 739.0 7 6 
0 50.0 742.5 2 3 
0 1.0 743.0 2 2 
0 977.0 750.0 6 6 
0 65.0 753.0 2 2 
0 885.0 897.0 278 254 
0 842.5 775.5 3 7 
0 839.0 777.5 2 3 
0 943.5 808.5 69 53 
0 59.0 785.0 2 2 
0 838.0 787.0 6 2 
0 58.5 789.5 3 5 
0 848.0 799.0 2 2 
0 906.0 800.0 2 2 
0 981.5 823.5 3 13 
0 843.0 828.0 2 2 
0 843.0 831.0 2 2 
0 938.5 833.0 9 4 
0 949.5 833.0 11 4 
0 970.0 834.5 20 7 
0 1018.0 835.5 12 9 
0 842.5 836.0 3 6 
0 63.0 838.0 2 4 
0 911.5 837.0 3 2 
0 928.0 837.5 2 3 
0 4.0 838.0 2 2 
0 981.0 838.0 2 2 
0 894.0 842.0 2 4 
0 898.5 849.5 9 5 
0 748.5 861.0 3 6 
0 896.0 860.0 2 4 
0 748.5 873.5 3 17 
0 896.0 869.0 2 2 
0 900.5 871.0 5 4 
0 901.5 878.0 7 10 
0 444.0 902.5 116 47 
0 902.5 887.0 3 2 
0 748.5 889.0 3 4 
0 595.5 904.0 69 28 
0 914.0 901.0 8 8 
0 922.5 900.5 3 3 
0 920.0 906.0 2 4 
0 961.0 908.0 2 2 
0 812.0 913.0 2 2 
0 817.5 913.5 3 3 
0 822.0 915.5 4 7 
0 931.0 914.0 4 4 
0 960.5 915.0 13 4 
0 975.5 915.0 3 4 
0 809.5 917.5 5 7 
0 594.5 919.0 15 4 
0 609.0 919.0 12 4 
0 621.5 919.0 11 4 
0 817.5 921.0 3 4 
0 23.0 1015.5 36 17 
0 2.0 1019.0 4 4 
0 773.5 1021.5 7 5 
