0 3.0 10.5 6 21 
0 41.0 11.0 32 22 
0 83.5 13.5 29 27 
0 103.0 0.5 4 1 
0 130.5 16.5 31 33 
0 237.5 16.0 45 32 
0 255.0 3.5 2 7 
0 282.0 9.0 30 18 
0 281.5 0.5 3 1 
0 336.5 17.0 29 34 
0 380.0 19.0 34 38 
0 386.5 0.5 13 1 
0 479.0 27.0 26 54 
0 495.0 9.0 4 18 
0 524.5 14.0 33 28 
0 808.5 32.5 45 65 
0 807.0 0.5 2 1 
0 570.5 19.0 43 36 
0 106.0 7.0 4 10 
0 1003.5 5.0 5 4 
0 625.5 28.5 41 47 
0 754.5 13.0 17 16 
0 776.0 8.5 12 7 
0 994.5 6.0 3 2 
0 719.5 28.5 37 43 
0 750.5 9.0 3 2 
0 967.0 12.5 10 7 
0 53.5 13.5 11 7 
0 769.5 22.5 27 25 
0 786.0 20.0 4 20 
0 157.5 13.0 5 4 
0 982.0 12.0 2 2 
0 254.0 14.0 4 4 
0 739.0 13.0 2 2 
0 1009.0 34.0 30 42 
0 861.0 34.5 38 39 
0 263.0 19.0 4 4 
0 965.5 49.5 33 65 
0 983.0 27.5 4 21 
0 881.0 24.5 4 11 
0 495.0 22.0 2 2 
0 35.5 24.0 3 4 
0 832.0 30.0 4 16 
0 750.0 25.0 2 2 
0 127.0 28.5 2 3 
0 995.0 33.0 2 12 
0 814.0 36.5 4 5 
0 822.0 42.5 4 5 
0 985.5 48.0 3 4 
0 863.5 54.0 3 2 
0 806.0 62.5 6 5 
0 6.0 80.5 12 23 
0 330.0 71.5 2 3 
0 335.5 72.5 7 3 
0 372.5 73.5 3 5 
0 511.0 92.0 56 42 
0 952.0 72.0 4 2 
0 359.0 92.5 48 41 
0 737.5 98.5 37 31 
0 589.0 101.0 62 34 
0 977.0 88.0 2 2 
0 965.5 90.5 3 3 
0 845.0 105.5 34 29 
0 976.0 109.5 30 31 
0 740.0 96.0 2 2 
0 9.0 106.0 18 8 
0 995.5 111.5 5 3 
0 19.0 130.5 38 37 
0 499.5 136.0 41 42 
0 358.5 137.0 41 30 
0 839.0 128.5 8 13 
0 828.0 125.5 6 5 
0 835.5 125.0 3 4 
0 591.5 145.5 51 41 
0 992.0 126.0 2 2 
0 982.0 128.0 4 2 
0 819.0 131.5 4 5 
0 744.0 132.0 2 2 
0 838.5 149.0 43 36 
0 861.0 132.0 2 2 
0 865.0 150.0 8 36 
0 747.0 149.0 52 30 
0 968.5 137.0 5 4 
0 974.5 138.0 5 4 
0 983.5 138.0 5 4 
0 983.5 156.5 35 39 
0 19.5 169.0 39 38 
0 963.0 158.0 4 4 
0 343.5 164.5 13 5 
0 354.5 165.0 9 4 
0 360.5 182.0 43 38 
0 482.5 169.0 5 4 
0 998.5 171.0 5 8 
0 598.0 173.5 12 5 
0 614.5 175.5 13 7 
0 497.5 190.5 25 35 
0 480.0 176.0 2 2 
0 604.0 197.0 40 34 
0 844.0 199.0 50 38 
0 744.5 197.0 35 32 
0 336.0 184.0 2 4 
0 986.0 186.5 10 5 
0 996.0 194.0 10 18 
0 7.0 190.0 8 2 
0 18.0 190.0 2 2 
0 981.0 208.0 26 30 
0 724.0 196.0 4 4 
0 19.5 212.5 39 35 
0 371.5 200.0 7 2 
0 493.0 207.0 2 2 
0 334.0 212.0 8 8 
0 358.5 228.5 47 29 
0 495.0 233.5 74 37 
0 747.5 239.5 47 41 
0 975.0 223.0 6 2 
0 588.0 240.5 54 35 
0 622.0 230.5 4 13 
0 968.5 236.5 15 13 
0 754.5 233.0 3 2 
0 846.5 248.0 45 30 
0 981.5 254.5 31 37 
0 619.0 246.5 4 17 
0 3.5 245.0 7 4 
0 10.0 245.5 6 5 
0 19.0 266.0 38 30 
0 360.5 271.0 45 38 
0 504.5 253.0 3 2 
0 39.0 255.0 2 2 
0 565.0 256.0 2 2 
0 499.5 262.0 7 4 
0 509.0 263.5 10 7 
0 849.5 262.0 3 2 
0 602.5 267.5 21 9 
0 588.0 269.0 2 2 
0 831.0 287.5 64 39 
0 747.5 310.5 49 83 
0 499.5 287.5 33 33 
0 600.0 287.5 46 31 
0 21.0 280.0 2 2 
0 983.0 300.5 38 33 
0 10.0 291.5 20 5 
0 18.0 314.5 36 35 
0 364.0 301.5 22 7 
0 378.0 304.0 4 4 
0 360.5 324.5 49 33 
0 501.0 327.5 40 37 
0 594.0 331.5 52 29 
0 849.0 337.5 28 41 
0 733.0 322.0 2 2 
0 333.0 327.5 4 3 
0 989.0 346.5 42 35 
0 346.5 340.0 3 2 
0 21.0 368.0 42 40 
0 625.0 349.0 2 2 
0 633.0 356.0 20 16 
0 621.0 351.5 2 5 
0 253.5 354.5 7 7 
0 249.0 383.0 34 62 
0 388.0 356.5 10 5 
0 244.0 357.5 4 5 
0 374.0 360.0 2 2 
0 383.0 389.0 36 60 
0 644.0 372.5 4 17 
0 359.5 369.0 3 6 
0 624.5 397.5 31 59 
0 482.0 395.5 44 53 
0 300.5 372.5 3 3 
0 338.5 373.5 17 5 
0 289.0 395.5 26 41 
0 313.0 377.5 2 3 
0 340.5 396.5 39 41 
0 2.5 383.0 5 4 
0 313.0 383.5 2 3 
0 581.0 404.0 32 44 
0 527.5 403.0 27 36 
0 485.5 390.0 3 8 
0 773.0 388.5 14 5 
0 785.0 389.0 8 4 
0 791.0 388.0 2 2 
0 506.0 390.0 4 4 
0 724.5 415.5 39 55 
0 821.5 408.5 35 41 
0 512.0 390.5 4 3 
0 543.0 408.0 10 38 
0 12.5 406.0 25 32 
0 866.0 414.5 42 45 
0 773.0 413.5 24 41 
0 304.0 399.5 2 3 
0 789.5 415.0 7 34 
0 307.5 400.0 3 2 
0 304.0 404.0 4 4 
0 1011.0 424.0 26 32 
0 969.0 428.5 40 35 
0 270.0 417.0 2 2 
0 273.0 417.0 2 2 
0 4.5 420.5 9 7 
0 386.0 418.0 2 2 
0 509.0 419.0 2 2 
0 479.0 422.5 4 5 
0 359.5 428.0 5 2 
0 802.0 432.0 2 2 
0 816.0 434.0 2 4 
0 813.0 434.0 2 2 
0 949.0 434.0 4 2 
0 945.0 437.0 2 2 
0 945.0 442.0 2 2 
0 295.0 513.0 8 4 
0 268.0 535.0 78 46 
0 336.0 533.0 32 40 
0 283.0 516.0 8 4 
0 626.0 516.5 4 5 
0 356.0 516.0 2 2 
0 383.0 531.5 34 27 
0 551.5 543.5 75 47 
0 356.5 532.0 3 22 
0 485.5 534.0 35 26 
0 620.0 550.0 46 48 
0 717.5 528.0 7 4 
0 646.0 540.0 14 26 
0 712.0 528.0 2 2 
0 831.5 548.0 5 42 
0 732.5 563.5 49 67 
0 804.0 531.0 2 2 
0 757.5 532.5 3 3 
0 556.5 534.5 5 5 
0 801.0 533.0 2 2 
0 847.0 548.0 2 28 
0 853.5 536.0 5 4 
0 967.5 536.0 5 4 
0 255.5 539.5 15 9 
0 957.0 536.5 2 3 
0 807.5 556.0 41 38 
0 955.0 539.0 4 4 
0 866.0 556.5 30 35 
0 982.0 540.0 2 2 
0 972.0 554.5 36 31 
0 1014.5 541.5 3 3 
0 351.0 543.0 2 2 
0 1010.5 569.0 27 50 
0 785.0 551.5 2 9 
0 513.0 549.0 2 2 
0 587.0 551.0 2 2 
0 706.0 552.0 2 2 
0 539.0 555.0 4 4 
0 341.5 556.0 5 4 
0 551.0 557.5 12 7 
0 247.0 557.0 2 2 
0 757.0 557.0 2 2 
0 248.0 560.0 2 2 
0 884.0 567.0 4 14 
0 648.5 563.0 3 4 
0 601.0 564.0 2 2 
0 783.0 569.0 2 4 
0 617.0 575.5 4 5 
0 725.5 593.0 3 4 
0 623.5 602.0 5 4 
0 631.0 626.0 8 52 
0 497.5 618.0 43 34 
0 364.0 620.0 48 32 
0 596.0 631.0 58 54 
0 756.5 609.0 11 4 
0 471.5 610.0 7 4 
0 847.5 628.5 29 39 
0 749.0 630.0 48 32 
0 991.5 632.5 47 33 
0 396.5 628.0 17 12 
0 400.0 638.5 10 7 
0 388.0 639.5 8 7 
0 364.0 657.0 52 32 
0 503.5 662.5 43 33 
0 480.0 649.5 2 5 
0 852.0 672.0 36 40 
0 745.5 675.0 49 34 
0 987.0 680.5 36 31 
0 340.0 670.0 4 4 
0 362.0 672.0 2 2 
0 578.0 682.5 16 21 
0 333.0 677.0 2 2 
0 333.5 682.0 3 6 
0 345.0 691.0 14 6 
0 581.0 689.0 2 2 
0 381.5 691.0 3 4 
0 749.0 691.0 2 2 
0 365.0 706.0 44 26 
0 603.5 713.0 39 32 
0 988.5 704.0 25 14 
0 842.0 716.5 46 31 
0 972.0 705.0 4 4 
0 747.0 718.5 44 27 
0 988.5 728.5 39 29 
0 622.5 733.0 5 2 
0 743.0 764.5 46 35 
0 847.5 767.0 39 30 
0 985.5 777.0 37 28 
