0 9.0 5.0 18 10 
0 24.0 2.0 4 4 
0 127.0 17.5 70 35 
0 136.5 1.0 7 2 
0 599.5 42.0 57 84 
0 935.0 2.0 2 4 
0 950.5 15.5 29 31 
0 960.0 0.5 2 1 
0 812.0 42.0 88 78 
0 959.0 7.5 4 9 
0 21.0 6.0 2 2 
0 398.0 56.5 46 101 
0 93.0 11.0 2 8 
0 23.5 12.5 5 9 
0 12.0 12.0 10 4 
0 895.5 37.5 41 51 
0 18.0 14.0 2 2 
0 313.5 52.0 41 66 
0 393.5 23.5 3 3 
0 448.5 50.0 29 54 
0 612.5 30.5 11 3 
0 265.0 62.5 42 65 
0 204.5 61.0 33 48 
0 494.5 62.0 37 48 
0 545.0 64.0 36 50 
0 476.0 48.0 2 10 
0 946.0 62.5 32 39 
0 518.0 65.0 6 34 
0 777.0 51.0 2 4 
0 484.5 53.0 3 6 
0 461.5 54.5 3 5 
0 151.0 72.0 50 38 
0 894.0 60.0 2 2 
0 16.5 155.0 33 190 
0 242.0 72.5 2 11 
0 17.0 79.5 2 7 
0 382.5 83.5 5 7 
0 503.0 84.0 22 4 
0 17.0 87.0 2 2 
0 377.5 89.0 5 2 
0 964.5 111.5 35 39 
0 17.0 95.5 2 3 
0 839.5 158.0 71 42 
0 615.5 142.0 9 8 
0 683.0 146.0 8 12 
0 31.5 142.5 3 3 
0 669.0 146.0 16 10 
0 689.0 143.0 4 4 
0 678.0 143.0 2 2 
0 132.0 172.0 44 58 
0 217.5 177.5 57 69 
0 696.0 145.5 4 5 
0 684.5 164.0 43 40 
0 866.0 148.0 4 4 
0 611.5 214.5 39 129 
0 234.0 152.5 8 3 
0 422.5 172.5 49 41 
0 275.0 178.0 40 46 
0 314.0 174.5 36 39 
0 405.0 156.0 4 2 
0 29.0 158.5 2 3 
0 548.0 221.0 44 124 
0 285.0 161.0 2 2 
0 281.0 162.0 2 2 
0 26.0 168.0 4 6 
0 283.0 169.5 4 9 
0 237.5 169.0 3 2 
0 238.0 172.0 2 2 
0 713.0 173.0 2 2 
0 19.5 184.5 5 13 
0 238.0 181.0 2 2 
0 432.5 210.5 51 35 
0 673.5 211.5 51 35 
0 648.0 201.0 4 6 
0 24.0 206.0 2 4 
0 817.5 258.5 33 45 
0 422.5 267.5 39 53 
0 4.5 247.0 9 10 
0 687.0 269.0 32 48 
0 521.5 268.5 5 5 
0 611.0 273.0 18 14 
0 583.5 271.5 5 5 
0 590.0 270.0 2 2 
0 569.0 279.5 6 7 
0 136.0 356.0 56 36 
0 155.0 384.0 18 2 
0 145.5 399.0 57 32 
0 555.0 420.0 32 72 
0 8.5 402.0 17 28 
0 890.0 469.0 114 162 
0 412.5 426.5 33 67 
0 464.5 425.5 37 65 
0 179.0 397.5 2 7 
0 511.0 428.5 34 63 
0 193.0 403.0 2 8 
0 222.5 432.0 39 50 
0 165.5 411.0 7 2 
0 447.5 415.5 7 5 
0 951.5 435.0 7 42 
0 146.0 425.0 6 8 
0 267.0 446.5 42 39 
0 146.5 447.5 57 35 
0 953.0 471.0 4 50 
0 191.5 583.0 167 150 
0 1010.0 580.0 28 138 
0 200.0 514.0 2 4 
0 203.0 513.5 2 3 
0 438.0 530.0 16 14 
0 421.0 531.0 8 8 
0 269.0 530.0 2 4 
0 275.5 531.0 5 6 
0 606.0 548.5 28 41 
0 412.0 531.0 2 2 
0 409.0 534.5 6 7 
0 842.5 549.0 37 36 
0 509.0 553.0 28 42 
0 557.5 548.5 29 33 
0 596.0 534.0 8 4 
0 454.0 535.5 14 5 
0 360.5 536.0 9 4 
0 464.0 535.5 2 3 
0 268.0 538.5 2 7 
0 424.0 536.0 2 2 
0 435.0 538.0 6 6 
0 460.0 555.0 32 38 
0 367.5 556.0 35 38 
0 417.5 561.5 45 49 
0 857.5 551.0 15 26 
0 928.0 551.0 54 18 
0 269.0 551.5 2 13 
0 448.0 554.0 2 4 
0 559.5 564.5 31 13 
0 844.5 562.5 9 3 
0 923.0 586.0 32 44 
0 886.5 588.0 35 42 
0 200.5 569.5 9 3 
0 989.0 591.0 4 44 
0 249.0 575.5 6 5 
0 842.0 590.0 46 32 
0 830.0 607.5 4 3 
0 825.5 613.0 9 6 
0 841.0 628.5 42 31 
0 923.5 636.0 31 42 
0 883.5 637.0 29 38 
0 859.0 636.5 14 15 
0 869.5 635.0 3 4 
0 131.0 647.5 8 7 
0 901.5 650.5 13 13 
0 169.0 648.5 4 3 
0 1006.0 651.0 2 2 
0 327.0 677.0 34 52 
0 842.5 665.0 47 28 
0 886.5 656.5 21 7 
0 1002.5 655.0 3 4 
0 134.0 658.0 6 6 
0 147.5 656.5 5 3 
0 152.0 656.0 2 2 
0 990.0 657.5 2 3 
0 1000.0 752.0 48 170 
0 824.0 671.0 2 2 
0 4.5 674.0 3 2 
0 9.0 693.5 18 41 
0 901.0 724.5 132 71 
0 980.0 690.0 2 2 
0 982.0 700.0 12 12 
0 962.0 704.0 10 6 
0 6.5 708.5 13 7 
0 984.0 711.5 8 9 
0 977.0 712.0 2 2 
0 958.0 731.5 4 9 
0 962.0 728.5 4 3 
0 27.0 779.0 54 52 
0 886.0 893.5 276 261 
0 947.5 803.5 67 53 
0 961.0 780.0 2 2 
0 839.0 783.0 6 2 
0 34.0 791.5 2 5 
0 25.5 831.0 51 72 
0 984.5 815.0 9 28 
0 942.0 827.5 8 3 
0 953.0 827.5 12 3 
0 971.0 828.5 16 5 
0 932.5 831.5 3 3 
0 987.0 831.0 2 2 
0 18.0 860.0 36 6 
0 749.0 861.5 2 5 
0 904.0 861.5 2 3 
0 749.0 874.0 2 18 
0 439.5 912.0 119 48 
0 749.5 890.0 3 4 
0 918.0 900.0 12 12 
0 593.0 910.0 70 30 
0 932.5 897.5 19 5 
0 965.0 904.0 2 2 
0 925.0 910.0 6 6 
0 981.0 910.0 8 6 
0 968.5 909.0 5 2 
0 935.5 911.0 5 4 
0 965.5 912.0 13 2 
0 816.0 915.0 2 4 
0 808.0 918.5 6 9 
0 819.0 915.0 2 2 
0 820.5 918.5 5 3 
0 816.0 921.5 2 3 
0 819.5 922.5 3 3 
0 591.5 925.0 15 4 
0 606.0 925.0 12 4 
0 618.5 924.5 11 3 
0 786.0 1023.0 2 2 
