0 19.5 2.0 21 4 
0 68.0 4.0 28 8 
0 116.0 7.0 32 14 
0 224.0 1.0 4 2 
0 250.5 0.5 7 1 
0 329.0 6.5 24 13 
0 369.5 8.5 35 17 
0 470.0 15.5 28 31 
0 524.5 1.5 7 3 
0 565.0 5.5 44 11 
0 620.0 12.5 42 25 
0 718.5 12.0 35 24 
0 766.5 3.5 27 7 
0 783.5 1.0 3 2 
0 809.5 18.0 41 36 
0 831.0 4.5 4 9 
0 862.5 13.0 33 26 
0 880.0 0.5 2 1 
0 966.0 25.0 34 50 
0 983.5 3.5 3 7 
0 996.0 10.0 2 20 
0 1011.0 11.5 26 23 
0 232.5 5.5 7 7 
0 10.0 6.0 2 2 
0 19.0 7.5 14 5 
0 786.0 8.0 4 4 
0 790.5 15.5 7 9 
0 820.0 12.0 2 2 
0 986.5 17.5 3 3 
0 856.0 25.0 2 2 
0 804.0 32.0 6 6 
0 952.0 39.0 2 2 
0 949.5 42.0 7 2 
0 503.0 69.5 58 43 
0 325.5 52.5 7 3 
0 363.0 53.0 2 4 
0 368.5 56.0 7 10 
0 966.5 52.0 5 2 
0 348.5 74.0 51 36 
0 977.0 57.5 2 3 
0 734.5 72.5 37 31 
0 583.5 76.0 63 34 
0 966.0 61.0 4 4 
0 469.0 61.0 2 2 
0 843.5 77.5 33 29 
0 976.5 82.0 31 36 
0 737.0 68.0 2 2 
0 996.5 80.5 7 3 
0 1.0 90.5 2 3 
0 492.0 115.0 42 42 
0 836.5 101.0 11 14 
0 826.0 97.5 6 5 
0 994.0 96.0 2 2 
0 473.5 99.5 5 3 
0 11.0 115.5 22 33 
0 817.5 104.0 5 6 
0 348.0 117.5 44 29 
0 585.5 123.5 51 41 
0 837.0 122.5 44 35 
0 864.0 123.5 8 37 
0 741.0 107.0 2 2 
0 975.5 108.5 5 5 
0 969.5 109.0 5 4 
0 984.5 109.0 5 4 
0 965.0 110.0 2 4 
0 984.5 128.0 35 40 
0 744.0 124.0 54 30 
0 963.5 132.5 5 7 
0 11.5 156.5 23 39 
0 833.5 144.0 3 2 
0 849.0 144.0 4 2 
0 858.0 144.0 4 2 
0 333.5 146.5 13 5 
0 345.0 147.0 8 4 
0 350.0 162.5 44 33 
0 0.5 148.0 1 2 
0 475.0 149.5 4 3 
0 592.0 152.0 12 4 
0 609.0 153.5 14 7 
0 473.0 153.0 2 2 
0 326.0 155.0 2 4 
0 489.0 171.0 26 36 
0 860.5 157.0 5 4 
0 842.5 173.5 51 37 
0 741.5 174.0 35 34 
0 986.5 159.0 9 4 
0 997.0 166.5 10 19 
0 598.0 175.0 40 34 
0 326.0 167.5 2 5 
0 981.5 180.0 25 30 
0 721.0 173.0 4 4 
0 1.5 179.0 3 2 
0 370.0 180.5 4 5 
0 346.5 182.0 3 2 
0 354.0 183.0 2 2 
0 360.0 184.0 8 4 
0 5.5 187.0 11 8 
0 487.5 188.0 5 2 
0 11.5 205.0 23 28 
0 324.0 195.5 8 7 
0 362.0 198.0 4 4 
0 487.0 214.5 76 37 
0 974.0 197.0 4 2 
0 734.5 200.5 21 7 
0 370.0 204.0 4 12 
0 744.0 219.0 48 38 
0 346.0 213.5 46 25 
0 582.5 220.0 55 36 
0 616.0 210.0 4 12 
0 969.5 206.0 15 4 
0 319.0 206.5 2 3 
0 845.0 222.5 46 33 
0 983.0 227.5 32 37 
0 613.0 226.5 4 17 
0 2.0 226.0 2 2 
0 475.0 235.0 2 2 
0 488.0 235.0 2 2 
0 497.0 235.0 4 2 
0 348.5 255.5 43 37 
0 838.0 238.0 2 2 
0 11.0 255.0 22 28 
0 492.0 244.5 8 3 
0 501.5 246.0 9 6 
0 597.5 248.5 21 7 
0 828.5 264.5 65 39 
0 743.5 289.5 49 85 
0 837.0 253.0 4 2 
0 594.0 269.0 46 32 
0 490.5 269.5 35 31 
0 470.0 258.0 2 4 
0 983.5 275.0 39 32 
0 473.0 264.0 2 2 
0 2.0 283.0 4 4 
0 347.0 287.0 14 6 
0 358.5 287.5 5 5 
0 365.0 286.0 2 2 
0 10.5 303.5 21 31 
0 363.0 289.0 2 2 
0 367.0 291.0 2 2 
0 8.0 294.0 4 2 
0 350.0 310.5 52 35 
0 493.0 311.0 42 36 
0 847.0 315.5 28 43 
0 588.5 313.5 53 29 
0 729.0 301.0 4 2 
0 989.5 321.0 43 34 
0 382.0 308.0 6 4 
0 320.0 308.0 2 2 
0 321.0 315.0 4 2 
0 336.0 327.0 2 2 
0 343.0 327.0 2 2 
0 352.0 327.0 14 2 
0 620.5 331.0 3 2 
0 628.0 338.0 20 16 
0 614.5 334.0 5 4 
0 242.0 342.5 8 7 
0 618.0 340.0 2 2 
0 12.5 355.5 25 31 
0 236.0 372.5 36 65 
0 379.0 343.0 10 4 
0 231.0 345.0 4 4 
0 365.0 346.0 2 2 
0 387.5 376.0 9 62 
0 622.5 346.0 7 2 
0 639.0 355.5 4 17 
0 370.0 378.5 32 57 
0 619.0 380.5 30 59 
0 474.0 380.5 46 55 
0 350.0 355.0 2 2 
0 230.0 359.0 2 2 
0 328.0 361.0 18 4 
0 289.5 361.0 3 2 
0 276.0 385.5 30 45 
0 344.5 377.5 11 29 
0 23.0 368.0 12 6 
0 302.0 367.0 2 2 
0 574.5 389.0 33 44 
0 770.0 369.0 14 4 
0 498.0 373.5 6 11 
0 783.5 369.5 11 3 
0 819.0 388.5 36 41 
0 324.5 387.5 31 37 
0 721.0 397.5 40 57 
0 523.0 391.5 36 43 
0 864.5 393.0 43 44 
0 476.5 375.5 3 7 
0 505.0 375.0 4 4 
0 258.0 376.0 2 2 
0 770.0 396.0 24 42 
0 787.0 396.5 8 35 
0 7.0 381.0 2 2 
0 212.0 383.5 2 3 
0 5.5 399.0 11 30 
0 1011.5 402.0 25 34 
0 293.5 388.0 3 2 
0 212.0 391.0 2 4 
0 968.5 407.0 43 36 
0 293.0 393.0 4 4 
0 499.0 401.0 2 2 
0 949.0 402.0 4 2 
0 798.0 406.5 2 5 
0 214.0 406.0 4 2 
0 357.5 406.0 3 2 
0 376.5 406.0 9 2 
0 258.0 407.0 4 2 
0 312.5 408.0 7 2 
0 471.5 409.5 7 5 
0 361.0 409.0 4 2 
0 528.0 409.0 4 2 
0 817.5 411.0 5 2 
0 829.0 413.5 2 3 
0 947.5 414.5 7 5 
0 800.5 414.0 3 2 
0 807.0 414.0 6 2 
0 814.0 414.0 2 2 
0 832.0 414.0 2 2 
0 339.0 415.0 2 2 
0 349.5 416.5 5 3 
0 813.0 417.0 2 2 
0 715.5 431.0 3 2 
0 619.5 503.0 7 6 
0 284.5 505.0 7 4 
0 256.0 527.0 80 46 
0 324.5 524.5 33 41 
0 272.0 508.0 8 4 
0 346.0 507.0 2 2 
0 372.0 522.0 38 28 
0 544.5 530.5 77 45 
0 477.0 523.5 36 25 
0 808.0 535.0 48 48 
0 347.0 523.5 4 23 
0 713.5 513.5 7 3 
0 624.5 537.5 47 49 
0 802.0 514.0 2 2 
0 729.5 549.5 49 69 
0 753.5 517.5 3 3 
0 800.0 517.5 4 3 
0 957.0 517.5 2 3 
0 967.5 517.5 5 3 
0 851.5 519.0 5 4 
0 1017.0 518.0 2 2 
0 550.5 522.0 5 6 
0 782.0 520.5 2 3 
0 954.0 520.5 2 3 
0 972.0 536.5 36 33 
0 982.0 522.0 2 2 
0 865.0 540.0 30 36 
0 1011.0 550.0 26 50 
0 780.5 530.0 3 2 
0 340.0 535.0 2 2 
0 503.0 537.0 2 2 
0 595.5 541.5 9 9 
0 702.0 538.0 2 2 
0 584.0 539.0 8 2 
0 526.0 541.0 2 2 
0 631.0 541.0 2 2 
0 532.5 543.0 3 4 
0 754.5 542.0 3 2 
0 882.5 550.5 5 15 
0 327.0 549.0 12 4 
0 642.0 549.5 8 5 
0 236.0 549.5 2 3 
0 318.5 550.0 3 2 
0 594.5 552.0 3 2 
0 780.0 554.0 2 6 
0 612.0 564.0 4 6 
0 857.5 563.0 7 2 
0 721.5 580.0 3 4 
0 726.0 579.0 2 2 
0 618.0 590.0 6 4 
0 625.5 616.0 7 54 
0 490.0 609.5 44 35 
0 590.5 620.5 57 55 
0 753.5 595.5 11 3 
0 846.0 613.0 30 38 
0 349.5 606.5 41 23 
0 463.5 599.0 7 4 
0 992.5 615.0 49 34 
0 745.5 617.0 49 32 
0 376.5 624.5 13 15 
0 338.0 638.0 20 4 
0 356.5 652.5 49 31 
0 850.5 657.5 37 41 
0 493.5 654.0 43 30 
0 472.0 643.5 2 3 
0 742.0 663.0 50 36 
0 987.5 664.0 37 32 
0 601.5 653.0 3 2 
0 608.5 653.0 7 2 
0 572.0 673.0 16 20 
0 331.0 666.0 4 2 
0 355.0 667.0 6 2 
0 322.5 675.0 5 12 
0 572.0 672.0 2 2 
0 575.0 680.0 2 2 
0 742.0 680.0 2 2 
0 745.5 680.0 3 2 
0 973.5 682.0 3 2 
0 978.5 682.0 3 2 
0 983.0 682.0 2 2 
0 993.0 688.5 16 15 
0 336.0 686.5 12 7 
0 370.5 686.0 7 4 
0 355.0 700.5 46 27 
0 598.0 704.0 40 32 
0 840.0 704.0 46 30 
0 972.0 690.5 4 3 
0 979.5 694.5 7 3 
0 743.0 707.5 44 27 
0 989.0 714.5 40 29 
0 600.0 725.0 6 2 
0 616.5 725.0 5 2 
0 739.5 755.5 47 35 
0 845.5 755.5 39 31 
0 986.5 764.0 37 28 
