0 95.5 24.5 65 49 
0 198.5 7.0 29 14 
0 267.5 11.0 41 22 
0 343.5 3.5 41 7 
0 424.0 12.5 26 25 
0 466.0 13.0 18 26 
0 577.0 8.0 18 16 
0 593.5 4.5 13 9 
0 870.0 26.0 64 52 
0 112.5 14.5 15 17 
0 181.5 9.0 3 2 
0 99.5 13.5 7 7 
0 478.5 18.5 5 11 
0 581.5 17.5 27 7 
0 850.5 19.5 3 5 
0 897.0 23.0 4 4 
0 421.0 24.0 6 2 
0 464.0 27.5 6 3 
0 121.5 36.5 7 5 
0 210.0 40.0 14 6 
0 201.0 42.0 4 2 
0 205.5 58.0 57 28 
0 598.5 47.0 9 2 
0 955.0 66.5 40 39 
0 115.0 50.0 18 4 
0 857.0 53.0 2 2 
0 863.0 66.5 18 29 
0 421.5 97.5 45 89 
0 581.0 87.5 54 67 
0 587.5 60.0 3 2 
0 748.0 94.0 70 66 
0 355.0 91.5 36 59 
0 425.0 68.0 2 2 
0 463.0 88.5 24 43 
0 816.0 91.0 46 44 
0 315.5 99.5 37 59 
0 365.0 79.0 2 8 
0 262.5 98.5 37 39 
0 21.5 87.0 21 12 
0 5.0 84.0 2 2 
0 497.5 102.0 37 38 
0 366.0 86.5 4 5 
0 483.0 86.0 4 4 
0 540.5 105.5 35 41 
0 65.0 178.0 130 176 
0 217.5 107.5 55 33 
0 520.5 107.5 7 31 
0 474.5 96.5 5 5 
0 487.0 97.0 2 4 
0 861.0 114.0 34 34 
0 118.0 101.0 2 2 
0 470.5 108.0 15 16 
0 108.0 107.0 2 2 
0 458.5 112.5 9 3 
0 107.0 116.0 2 4 
0 306.0 116.0 6 2 
0 407.0 125.5 6 5 
0 493.5 124.5 7 3 
0 508.5 124.5 21 3 
0 329.0 125.0 2 2 
0 541.5 128.0 3 2 
0 947.5 152.0 21 38 
0 997.0 161.0 50 38 
0 105.5 146.5 3 7 
0 875.0 159.0 44 32 
0 109.0 151.0 2 2 
0 111.0 154.0 2 2 
0 106.0 157.0 2 2 
0 209.0 176.0 14 6 
0 284.5 176.0 5 4 
0 204.5 199.5 41 43 
0 278.0 179.0 2 2 
0 595.5 180.0 5 4 
0 775.5 198.5 65 37 
0 263.5 208.5 67 55 
0 636.5 185.5 19 7 
0 649.5 184.0 5 4 
0 279.0 184.5 8 3 
0 331.5 206.5 75 43 
0 445.0 203.0 40 36 
0 651.0 186.5 4 3 
0 108.0 187.0 2 2 
0 594.5 246.0 37 116 
0 647.5 190.0 5 4 
0 108.0 191.5 2 5 
0 458.0 194.5 2 7 
0 644.5 206.5 31 27 
0 533.0 250.5 62 111 
0 108.0 199.0 2 6 
0 322.0 200.0 8 8 
0 971.0 215.0 46 38 
0 664.0 213.0 2 2 
0 1018.0 228.0 12 32 
0 121.5 225.5 3 3 
0 444.0 239.0 36 28 
0 646.5 244.0 43 30 
0 625.0 233.0 8 6 
0 599.0 241.0 2 2 
0 109.0 242.0 2 2 
0 35.0 253.0 2 2 
0 39.5 253.0 3 2 
0 86.5 260.0 7 8 
0 628.5 258.0 3 2 
0 95.5 262.0 9 6 
0 558.5 267.0 3 14 
0 78.5 262.0 3 2 
0 102.5 263.0 3 2 
0 106.5 266.0 5 2 
0 438.5 290.0 29 42 
0 756.5 290.5 43 41 
0 656.5 296.0 27 44 
0 1005.5 306.5 37 29 
0 589.0 299.0 14 12 
0 577.0 296.0 6 4 
0 562.0 301.0 2 2 
0 208.0 364.5 54 33 
0 70.0 361.5 6 3 
0 84.0 362.0 6 2 
0 93.0 409.0 48 96 
0 67.0 388.5 4 3 
0 215.5 403.5 55 29 
0 102.0 395.0 2 2 
0 8.0 396.0 2 2 
0 5.0 397.0 2 2 
0 3.0 402.5 4 3 
0 433.0 433.5 34 61 
0 257.5 408.0 3 8 
0 476.5 433.5 33 59 
0 8.5 426.5 17 43 
0 441.5 406.0 3 2 
0 541.0 406.0 2 2 
0 543.5 434.5 21 51 
0 513.0 437.5 32 55 
0 817.0 483.5 92 145 
0 298.0 440.0 74 54 
0 219.0 427.0 8 6 
0 869.5 470.0 11 76 
0 209.5 448.5 49 29 
0 551.5 462.0 19 2 
0 1009.5 508.5 29 33 
0 253.5 571.5 147 137 
0 25.5 541.5 45 61 
0 783.5 519.0 19 6 
0 930.0 519.5 4 3 
0 927.0 582.5 48 129 
0 317.0 520.0 2 2 
0 186.0 528.5 8 17 
0 465.5 543.5 43 47 
0 316.0 523.0 2 2 
0 436.0 529.5 6 5 
0 398.5 547.0 31 38 
0 590.0 547.0 28 38 
0 313.0 530.5 2 3 
0 513.0 549.0 30 38 
0 552.0 548.5 32 37 
0 425.0 533.5 12 3 
0 448.0 535.5 6 5 
0 440.0 556.5 36 41 
0 315.5 543.0 3 10 
0 783.5 552.0 37 28 
0 453.0 548.0 2 2 
0 867.0 556.5 16 13 
0 955.5 585.5 11 67 
0 81.5 585.5 35 65 
0 319.5 557.0 3 2 
0 0.5 559.5 1 5 
0 280.0 559.5 22 5 
0 299.0 559.5 14 5 
0 91.5 572.5 3 29 
0 843.0 560.5 30 5 
0 774.5 565.5 7 5 
0 783.0 564.0 6 2 
0 467.0 566.0 10 2 
0 847.5 587.0 27 40 
0 817.0 586.5 32 35 
0 436.0 574.0 4 2 
0 780.0 589.5 44 29 
0 825.0 591.5 2 7 
0 776.0 603.5 14 5 
0 815.5 604.5 21 5 
0 843.0 604.5 12 5 
0 767.5 609.5 11 5 
0 778.5 624.5 47 29 
0 830.5 633.5 57 41 
0 34.0 650.0 40 54 
0 197.0 625.0 2 2 
0 1021.5 633.5 5 9 
0 297.0 631.0 6 2 
0 364.0 658.0 32 48 
0 220.5 636.0 3 2 
0 224.0 636.0 2 2 
0 778.5 658.0 47 26 
0 849.0 649.0 22 4 
0 95.5 666.5 43 37 
0 910.0 652.0 6 4 
0 1.0 664.5 2 23 
0 42.0 661.5 2 3 
0 951.5 740.5 133 155 
0 110.0 667.5 4 3 
0 83.5 681.0 17 2 
0 94.5 681.0 3 2 
0 830.5 712.0 109 64 
0 95.5 684.0 3 2 
0 892.5 698.0 9 20 
0 886.0 691.5 4 3 
0 873.5 720.5 5 7 
0 132.0 722.0 2 2 
0 101.5 774.5 89 101 
0 127.0 742.0 8 26 
0 8.5 750.5 17 25 
0 861.5 886.0 325 276 
0 780.0 756.0 6 6 
0 123.0 756.5 2 3 
0 773.5 766.5 5 3 
0 134.5 768.5 3 3 
0 1002.0 775.0 2 4 
0 838.5 780.0 3 8 
0 97.5 779.5 3 3 
0 125.5 784.0 3 4 
0 893.0 797.0 8 26 
0 839.0 786.0 2 2 
0 128.0 794.5 8 15 
0 778.5 798.5 5 3 
0 1011.0 809.0 2 8 
0 857.0 808.5 6 3 
0 867.0 808.5 12 3 
0 881.0 808.5 14 3 
0 742.0 812.5 8 5 
0 825.5 841.5 3 3 
0 454.5 874.0 99 44 
0 578.5 875.5 61 27 
0 853.0 871.5 18 5 
0 892.5 883.0 7 6 
0 879.5 883.5 13 5 
0 779.0 884.5 4 3 
0 854.0 884.5 4 3 
0 727.5 887.0 11 4 
0 746.0 889.0 8 8 
0 577.5 889.0 9 2 
0 594.5 889.5 21 3 
0 755.5 889.0 3 2 
0 729.5 891.0 3 2 
0 753.5 893.0 7 4 
0 974.0 984.0 100 80 
0 982.5 953.5 83 13 
0 935.0 991.0 18 66 
0 932.5 972.5 3 3 
0 84.0 999.5 88 49 
0 725.0 982.0 2 2 
0 126.0 1016.5 18 15 
0 937.0 1020.0 2 2 
