0 341.0 0.5 2 1 
0 357.5 22.0 33 44 
0 400.0 20.0 28 40 
0 469.0 9.5 58 19 
0 809.0 3.0 32 6 
0 855.0 12.5 26 25 
0 900.0 6.0 26 12 
0 142.5 20.5 63 39 
0 277.0 23.0 26 44 
0 978.0 22.5 54 41 
0 308.0 30.0 34 54 
0 233.5 29.0 57 50 
0 911.0 6.5 4 3 
0 151.5 8.0 3 2 
0 28.0 11.0 6 4 
0 26.0 28.5 52 35 
0 252.0 25.5 2 19 
0 853.5 25.0 11 6 
0 476.0 61.5 66 75 
0 317.5 29.5 3 9 
0 140.0 42.5 4 3 
0 150.5 42.0 3 2 
0 979.5 83.0 31 68 
0 866.0 87.5 92 69 
0 452.5 60.0 3 4 
0 25.5 76.0 51 34 
0 445.0 61.0 2 2 
0 473.5 61.0 3 2 
0 478.0 68.0 2 2 
0 153.5 82.5 3 3 
0 806.5 102.5 29 35 
0 137.0 108.0 34 34 
0 31.0 96.0 6 4 
0 44.0 97.5 14 7 
0 477.5 95.0 3 2 
0 34.5 99.5 3 3 
0 350.5 127.0 27 40 
0 395.0 128.0 30 40 
0 307.5 129.5 29 41 
0 470.0 112.5 6 7 
0 226.0 139.5 36 59 
0 11.5 112.0 5 2 
0 22.0 138.5 44 55 
0 1.0 113.0 2 2 
0 957.5 120.0 15 14 
0 273.0 136.5 28 45 
0 491.5 140.5 35 53 
0 471.5 118.5 5 3 
0 37.0 136.0 4 16 
0 145.0 153.5 74 51 
0 302.5 153.0 25 4 
0 273.5 158.5 17 7 
0 169.0 175.0 2 2 
0 967.5 205.0 53 36 
0 804.0 210.0 32 34 
0 852.5 229.0 41 72 
0 765.0 214.0 32 30 
0 784.5 201.5 5 5 
0 888.5 200.0 3 2 
0 898.0 229.0 46 58 
0 472.5 231.0 49 28 
0 267.5 249.0 37 58 
0 370.5 241.0 39 40 
0 969.5 227.0 37 8 
0 766.5 232.0 9 6 
0 312.0 267.5 42 73 
0 981.5 253.5 37 41 
0 27.0 256.5 54 43 
0 139.0 256.0 50 42 
0 225.5 264.5 29 53 
0 234.0 243.5 2 5 
0 380.0 247.0 2 2 
0 482.5 248.0 23 4 
0 233.0 249.0 2 4 
0 317.0 265.0 2 2 
0 980.0 275.5 4 3 
0 130.5 302.5 59 41 
0 976.0 293.5 50 23 
0 35.0 302.0 34 36 
0 980.0 299.0 54 26 
0 807.0 326.5 30 55 
0 40.0 302.0 6 2 
0 480.0 319.5 56 29 
0 512.0 312.0 6 14 
0 518.5 319.5 5 11 
0 159.5 316.0 3 2 
0 768.5 341.0 27 50 
0 759.5 318.0 3 2 
0 42.5 336.0 57 34 
0 996.0 338.0 30 38 
0 42.0 323.5 6 3 
0 511.5 331.5 11 13 
0 783.5 332.0 7 8 
0 401.0 364.0 28 62 
0 497.5 337.0 15 4 
0 321.0 367.5 48 61 
0 783.0 350.5 6 21 
0 815.0 345.0 2 2 
0 478.5 364.5 53 37 
0 151.5 375.5 63 45 
0 368.0 375.0 36 38 
0 350.0 358.0 4 2 
0 31.0 392.5 62 41 
0 379.5 377.0 3 4 
0 1.0 390.0 2 4 
0 394.0 390.0 12 4 
0 993.5 441.5 57 47 
0 857.5 466.0 37 54 
0 981.0 444.0 2 4 
0 330.0 482.0 52 78 
0 488.5 466.0 39 38 
0 420.0 479.0 46 52 
0 261.0 490.0 58 68 
0 41.5 484.5 83 55 
0 808.0 471.5 40 25 
0 240.0 461.0 2 2 
0 1013.0 467.0 20 14 
0 67.0 465.5 2 3 
0 1002.0 471.5 2 3 
0 488.0 486.0 2 2 
0 71.0 508.0 20 14 
0 57.0 511.5 8 5 
0 153.5 528.5 61 35 
0 287.0 515.0 2 2 
0 274.0 516.0 4 2 
0 164.5 519.0 3 2 
0 55.5 521.0 5 4 
0 27.5 545.5 55 51 
0 903.5 558.0 41 68 
0 987.5 574.5 65 53 
0 921.5 550.5 3 3 
0 924.0 555.0 2 2 
0 31.0 581.5 52 27 
0 233.0 603.0 28 62 
0 395.0 610.5 40 57 
0 267.0 607.5 40 43 
0 39.0 599.0 30 10 
0 248.0 599.5 4 7 
0 17.5 600.5 11 7 
0 21.5 598.5 5 3 
0 7.5 600.0 9 4 
0 166.5 615.0 83 34 
0 315.5 614.5 31 31 
0 958.5 600.5 5 3 
0 404.0 609.0 2 2 
0 28.5 629.0 51 38 
0 401.0 611.0 2 2 
0 126.0 617.0 2 2 
0 298.0 629.0 4 4 
0 397.0 629.0 2 2 
0 319.5 631.0 7 4 
0 302.0 631.0 2 2 
0 310.5 635.0 5 8 
0 147.0 634.5 36 5 
0 296.5 635.5 7 7 
0 413.0 637.0 2 2 
0 303.0 638.5 4 3 
0 359.0 721.0 32 56 
0 262.0 721.5 24 55 
0 34.0 715.5 52 41 
0 142.5 727.5 43 23 
0 155.5 757.0 55 30 
0 25.0 771.5 36 31 
0 150.5 776.0 5 4 
0 158.0 804.0 44 34 
0 35.0 836.5 70 97 
0 240.0 829.5 36 61 
0 254.5 800.0 3 2 
0 150.5 827.5 27 7 
0 183.5 842.5 55 35 
0 58.5 845.0 3 6 
0 166.0 864.0 14 6 
0 52.0 995.0 60 44 
