0 490.5 6.5 23 13 
0 529.0 8.0 26 16 
0 568.5 12.0 33 24 
0 610.5 13.0 35 26 
0 706.0 15.0 28 30 
0 745.5 21.0 27 42 
0 1021.5 4.0 5 8 
0 785.5 19.0 23 34 
0 818.0 23.0 42 40 
0 817.0 6.0 2 2 
0 692.0 21.0 12 30 
0 513.5 10.0 3 4 
0 842.0 16.0 4 10 
0 533.0 15.5 4 5 
0 920.5 15.0 5 4 
0 539.5 16.5 5 5 
0 616.0 19.0 4 2 
0 770.0 27.5 4 19 
0 620.0 20.0 2 2 
0 920.5 38.5 27 39 
0 845.5 25.5 11 9 
0 815.0 23.0 2 2 
0 51.0 49.5 30 49 
0 800.0 27.5 2 3 
0 710.5 34.5 21 9 
0 1001.5 47.0 25 34 
0 957.5 47.0 35 32 
0 902.0 43.5 6 23 
0 789.0 37.0 2 2 
0 757.5 40.0 5 6 
0 798.5 41.0 5 6 
0 790.5 43.0 5 6 
0 764.0 42.0 2 2 
0 777.5 43.0 3 4 
0 816.5 46.0 7 6 
0 93.0 62.5 32 37 
0 825.5 48.0 9 8 
0 188.0 50.0 6 8 
0 134.5 61.5 23 27 
0 315.5 70.5 37 39 
0 950.0 53.0 4 2 
0 178.0 67.5 22 29 
0 934.0 55.0 2 2 
0 192.5 71.0 9 20 
0 272.0 72.5 42 23 
0 361.0 86.5 18 45 
0 150.0 73.0 2 2 
0 379.5 76.0 5 6 
0 197.5 78.0 5 8 
0 397.5 97.0 29 38 
0 376.5 84.5 3 9 
0 482.5 110.5 29 47 
0 526.0 100.5 34 23 
0 67.0 109.5 28 37 
0 572.5 101.0 25 12 
0 615.0 114.0 30 28 
0 500.0 103.0 2 2 
0 702.0 123.5 32 43 
0 785.0 106.0 2 2 
0 500.0 107.5 2 3 
0 783.0 123.0 28 34 
0 403.5 109.0 5 2 
0 827.0 137.0 28 50 
0 746.0 126.5 24 19 
0 721.0 122.0 4 6 
0 949.0 129.0 12 10 
0 479.0 128.0 2 2 
0 483.5 128.0 5 2 
0 760.0 131.0 2 6 
0 801.0 131.0 2 2 
0 921.5 133.0 3 2 
0 76.5 169.0 41 72 
0 922.5 157.5 33 49 
0 352.0 136.0 2 2 
0 796.5 144.5 5 19 
0 64.5 137.5 3 3 
0 961.5 150.5 27 29 
0 377.0 152.5 38 31 
0 945.0 150.0 4 26 
0 1021.5 149.5 5 23 
0 590.0 163.0 48 48 
0 1003.5 163.5 33 49 
0 843.0 142.5 4 5 
0 517.0 164.5 52 39 
0 719.0 178.0 30 38 
0 380.5 183.0 45 36 
0 905.0 178.0 10 8 
0 817.0 192.0 28 30 
0 520.5 179.0 3 2 
0 499.5 181.5 3 3 
0 933.5 205.5 37 47 
0 914.0 187.0 6 6 
0 920.0 188.0 6 6 
0 507.0 201.0 36 30 
0 587.5 209.5 45 45 
0 930.0 192.0 2 2 
0 47.0 204.5 6 13 
0 803.5 201.0 5 4 
0 809.0 204.0 4 6 
0 65.0 207.0 20 8 
0 797.0 207.0 2 4 
0 808.5 226.0 39 40 
0 725.0 224.0 46 30 
0 75.0 226.0 36 32 
0 814.0 213.0 4 6 
0 1019.0 224.0 10 28 
0 377.5 226.0 41 30 
0 55.5 233.5 15 25 
0 944.5 225.0 5 6 
0 487.0 226.5 4 7 
0 585.5 224.0 5 2 
0 502.5 236.5 19 25 
0 602.0 226.0 4 2 
0 831.0 229.0 2 2 
0 917.5 241.5 7 25 
0 936.0 249.5 28 35 
0 384.0 240.0 6 10 
0 391.5 239.0 7 6 
0 588.0 237.5 2 3 
0 602.0 252.0 24 30 
0 397.0 239.5 2 3 
0 487.0 239.0 2 2 
0 75.0 243.5 2 3 
0 353.5 250.0 5 10 
0 803.5 248.0 3 4 
0 816.5 249.5 5 5 
0 74.0 264.5 52 33 
0 379.0 259.5 38 23 
0 720.0 263.0 22 30 
0 810.0 249.0 2 2 
0 831.0 249.0 2 2 
0 824.5 251.0 3 4 
0 491.0 253.5 4 5 
0 499.5 254.0 5 6 
0 506.5 254.0 7 6 
0 584.5 278.0 49 52 
0 817.5 267.0 29 26 
0 1022.5 261.5 3 15 
0 497.5 273.0 59 30 
0 703.0 266.0 4 10 
0 706.0 272.5 4 5 
0 734.5 276.5 5 7 
0 933.0 288.0 24 30 
0 386.5 292.0 45 34 
0 75.0 286.5 18 13 
0 811.5 300.0 39 40 
0 715.0 282.0 2 2 
0 613.0 285.5 2 3 
0 723.0 300.0 40 32 
0 949.0 285.5 2 3 
0 815.0 286.0 2 2 
0 500.0 290.5 4 5 
0 508.0 291.5 4 5 
0 523.0 290.0 2 2 
0 488.5 291.0 3 2 
0 89.0 301.0 14 20 
0 486.5 304.0 7 20 
0 515.0 300.5 2 3 
0 505.0 315.5 28 27 
0 917.0 311.0 4 12 
0 595.5 320.5 47 29 
0 593.0 307.0 2 2 
0 934.5 323.0 27 32 
0 732.0 310.5 8 3 
0 80.5 347.5 51 75 
0 397.5 316.5 11 9 
0 744.0 315.0 2 2 
0 376.0 319.0 2 2 
0 384.0 336.0 50 36 
0 726.0 351.0 42 62 
0 817.0 322.0 4 4 
0 1020.0 332.0 8 24 
0 832.0 323.5 2 3 
0 509.5 341.0 41 36 
0 802.0 339.0 56 32 
0 354.0 330.5 4 5 
0 411.5 333.5 5 11 
0 356.0 337.5 4 5 
0 405.5 338.0 3 6 
0 591.0 356.5 46 25 
0 940.0 357.5 34 27 
0 287.0 351.0 2 2 
0 281.0 376.0 30 50 
0 278.0 353.5 2 3 
0 1020.5 369.5 7 31 
0 720.0 356.5 2 3 
0 52.5 370.0 7 26 
0 275.0 361.0 4 8 
0 816.0 381.5 26 35 
0 511.0 399.5 70 69 
0 400.5 392.0 29 50 
0 313.0 388.5 32 39 
0 365.0 390.5 36 39 
0 613.0 375.5 6 7 
0 619.5 374.0 3 4 
0 944.5 386.0 35 26 
0 338.0 376.0 4 4 
0 622.0 381.5 10 7 
0 260.0 390.5 6 23 
0 338.0 381.5 4 5 
0 618.5 406.0 25 52 
0 1018.0 382.5 2 3 
0 341.0 389.0 4 6 
0 1016.5 400.5 15 25 
0 633.0 395.5 2 11 
0 514.5 395.0 13 8 
0 523.0 393.5 2 3 
0 493.0 396.0 4 6 
0 331.0 396.0 4 4 
0 575.5 414.5 29 41 
0 341.0 400.0 4 10 
0 381.5 406.0 3 2 
0 346.5 409.0 7 6 
0 388.0 413.0 8 8 
0 382.0 411.0 2 2 
0 703.5 433.0 35 44 
0 743.0 416.5 4 5 
0 1023.0 417.0 2 2 
0 752.0 437.0 26 36 
0 790.5 440.5 39 37 
0 829.5 439.0 35 32 
0 496.0 426.0 2 2 
0 732.0 436.0 4 20 
0 1004.0 429.0 6 4 
0 1006.0 432.0 2 2 
0 1004.0 453.0 40 40 
0 965.5 456.5 31 43 
0 925.0 454.5 32 35 
0 713.5 445.0 17 10 
0 745.0 453.0 2 2 
0 907.0 459.5 4 11 
0 816.5 458.5 3 3 
0 903.0 458.0 2 2 
0 701.0 460.5 2 3 
0 901.0 470.0 4 8 
0 279.0 493.0 28 32 
0 319.0 497.5 26 27 
0 360.0 499.5 28 29 
0 398.0 503.5 32 25 
0 298.0 501.5 4 5 
0 304.0 501.0 2 2 
0 492.5 510.0 29 20 
0 612.5 507.5 13 9 
0 533.0 515.0 32 22 
0 374.5 511.0 7 6 
0 569.5 520.5 33 25 
0 617.0 531.5 30 39 
0 599.0 524.5 4 21 
0 556.0 520.5 6 5 
0 712.0 551.0 50 60 
0 515.5 527.5 5 5 
0 527.5 528.5 13 7 
0 634.0 530.0 2 4 
0 782.5 548.5 39 37 
0 585.0 534.0 8 6 
0 594.0 535.5 4 3 
0 758.5 541.5 7 15 
0 835.0 551.5 28 33 
0 394.5 565.0 55 52 
0 815.0 552.0 4 26 
0 594.0 543.5 8 7 
0 642.0 541.0 2 2 
0 631.0 542.0 2 2 
0 505.5 569.5 51 45 
0 926.5 561.5 29 27 
0 615.5 553.5 13 7 
0 964.0 572.0 30 40 
0 757.0 559.5 4 11 
0 1005.0 570.5 22 33 
0 990.0 572.0 4 34 
0 593.0 591.0 52 70 
0 1023.0 566.0 2 2 
0 831.5 570.0 3 4 
0 841.0 571.5 4 5 
0 846.0 570.5 4 3 
0 915.5 573.5 13 7 
0 819.0 573.5 4 5 
0 826.0 574.0 8 6 
0 733.0 579.0 2 2 
0 622.5 583.5 3 5 
0 382.5 603.0 47 28 
0 729.5 603.5 49 27 
0 820.5 608.0 19 26 
0 509.5 609.5 33 13 
0 944.5 619.0 43 32 
0 487.5 610.0 5 12 
0 395.0 615.5 16 7 
0 601.0 621.5 4 5 
0 607.5 623.0 7 6 
0 725.5 638.0 39 26 
0 825.0 641.5 32 33 
0 362.0 636.5 4 19 
0 386.0 636.5 36 19 
0 578.0 629.0 4 4 
0 1022.5 634.5 3 15 
0 580.0 636.0 2 2 
0 601.5 659.5 33 27 
0 942.0 679.0 38 64 
0 725.5 656.0 7 6 
0 740.0 657.0 10 6 
0 1016.0 667.0 16 26 
0 819.0 672.0 38 34 
0 725.5 675.5 37 27 
0 930.0 675.5 8 7 
0 606.0 678.5 22 9 
0 922.0 688.0 4 10 
0 1008.5 723.5 31 71 
0 726.5 710.5 45 27 
0 819.0 716.0 32 38 
0 939.5 737.0 35 24 
0 1011.5 766.0 11 8 
0 1023.0 766.0 2 4 
0 73.5 947.0 47 34 
0 139.5 979.0 37 26 
0 271.5 1006.5 41 33 
0 284.0 993.0 2 4 
0 247.0 1002.5 4 5 
0 254.0 1001.0 2 2 
0 281.5 1008.0 3 2 
0 287.0 1017.0 4 4 
