0 472.5 18.0 59 36 
0 485.0 4.5 18 9 
0 775.5 21.0 35 42 
0 826.5 23.5 29 47 
0 920.0 24.0 28 48 
0 919.5 2.5 19 5 
0 998.0 11.0 46 22 
0 474.5 5.5 3 7 
0 467.0 8.0 6 2 
0 496.0 8.0 2 2 
0 132.0 27.5 62 39 
0 458.0 12.0 6 6 
0 766.5 12.0 3 2 
0 17.5 28.0 35 32 
0 346.5 34.0 21 44 
0 357.5 36.0 29 48 
0 401.0 35.0 24 46 
0 226.0 37.5 58 47 
0 271.0 36.5 24 43 
0 306.0 42.5 28 53 
0 385.5 34.5 5 37 
0 874.0 37.5 28 43 
0 260.0 19.0 2 2 
0 248.5 22.0 3 2 
0 932.5 30.5 3 19 
0 249.0 28.5 2 5 
0 785.0 30.0 2 2 
0 32.0 31.0 2 2 
0 286.5 41.5 5 23 
0 886.5 34.0 3 6 
0 479.5 37.0 3 4 
0 476.0 39.5 2 3 
0 1001.0 58.5 46 33 
0 478.5 80.0 63 72 
0 195.0 52.5 2 11 
0 905.0 49.5 2 3 
0 1021.0 50.0 2 2 
0 288.0 60.5 2 15 
0 496.5 55.0 3 2 
0 341.0 57.0 2 2 
0 453.0 58.0 2 2 
0 456.0 58.0 2 2 
0 195.0 60.0 2 2 
0 210.5 61.5 3 3 
0 17.5 78.0 35 32 
0 989.5 77.5 7 7 
0 477.0 83.5 2 3 
0 1002.5 120.5 33 63 
0 132.0 136.5 74 91 
0 27.5 94.0 3 4 
0 511.5 103.0 3 22 
0 31.0 97.5 2 3 
0 18.0 98.0 2 2 
0 27.0 101.0 2 2 
0 871.0 128.0 44 56 
0 13.5 135.0 27 54 
0 223.5 149.0 25 66 
0 301.0 140.0 34 44 
0 348.5 139.0 25 42 
0 824.0 135.5 34 33 
0 919.0 135.0 38 30 
0 492.5 152.0 41 56 
0 268.0 145.5 26 41 
0 403.5 152.0 31 50 
0 889.5 134.0 3 14 
0 278.0 140.5 2 19 
0 928.0 143.0 2 2 
0 982.0 155.5 6 7 
0 512.0 167.5 2 7 
0 140.0 175.0 2 2 
0 484.0 176.0 2 4 
0 487.0 179.5 2 3 
0 496.5 182.0 3 2 
0 821.0 239.0 30 40 
0 780.0 237.5 36 31 
0 800.0 226.0 4 8 
0 993.0 242.0 52 40 
0 822.0 225.0 6 2 
0 873.5 259.5 33 71 
0 265.0 259.5 42 67 
0 19.5 252.5 39 51 
0 368.0 248.0 30 42 
0 978.5 228.0 3 2 
0 476.0 243.5 50 29 
0 922.5 255.5 39 53 
0 783.5 231.0 3 2 
0 792.0 231.0 2 2 
0 981.5 231.0 3 2 
0 973.0 232.5 4 3 
0 134.5 259.5 45 41 
0 219.0 264.0 26 50 
0 311.5 279.0 35 80 
0 225.5 245.0 3 2 
0 385.0 256.0 2 2 
0 0.5 262.0 1 4 
0 478.5 263.5 3 5 
0 909.0 262.0 2 2 
0 497.0 264.0 2 4 
0 912.5 272.0 3 16 
0 1006.5 283.5 35 39 
0 17.0 297.0 24 32 
0 123.5 298.0 43 28 
0 1018.0 296.5 2 11 
0 34.5 298.0 3 4 
0 147.0 298.0 2 4 
0 330.5 308.5 5 7 
0 43.5 315.5 17 11 
0 149.5 312.5 3 5 
0 999.0 324.5 50 27 
0 130.5 315.0 5 4 
0 486.0 330.0 54 34 
0 515.0 321.0 4 16 
0 25.5 329.5 47 29 
0 1016.5 317.0 3 2 
0 522.0 328.0 4 12 
0 826.5 355.0 35 64 
0 812.5 334.0 3 2 
0 783.5 359.5 27 49 
0 401.5 366.5 27 59 
0 516.5 341.0 3 8 
0 317.5 370.5 33 53 
0 139.0 367.0 60 40 
0 800.0 352.0 6 10 
0 1015.0 364.5 18 35 
0 420.0 353.0 2 2 
0 488.5 373.5 51 43 
0 158.5 354.0 3 2 
0 172.0 359.0 2 4 
0 338.0 363.0 6 12 
0 175.0 359.5 2 3 
0 348.5 374.0 7 32 
0 367.5 374.5 33 33 
0 799.5 369.5 5 19 
0 169.5 374.0 3 26 
0 20.0 381.0 40 34 
0 45.0 372.5 2 3 
0 420.5 382.5 3 3 
0 418.0 388.5 4 7 
0 414.0 391.5 2 3 
0 364.0 392.5 2 3 
0 348.0 449.5 12 17 
0 1011.0 464.5 26 47 
0 34.5 470.0 69 56 
0 56.0 449.0 2 2 
0 259.0 485.0 54 72 
0 494.5 469.0 35 38 
0 50.5 452.0 3 2 
0 423.5 485.0 41 66 
0 321.5 482.5 35 55 
0 340.0 456.5 2 3 
0 882.0 485.5 30 57 
0 244.5 472.0 3 2 
0 253.0 472.5 4 3 
0 279.0 481.0 4 20 
0 249.0 473.0 2 2 
0 834.5 498.0 41 28 
0 61.5 491.0 9 12 
0 41.0 496.0 6 6 
0 285.0 497.0 2 2 
0 433.0 499.0 2 2 
0 148.5 522.0 51 40 
0 20.5 524.5 41 43 
0 285.0 509.5 6 9 
0 306.5 510.0 5 6 
0 314.5 516.0 19 12 
0 158.5 513.0 3 2 
0 34.0 542.0 2 2 
0 927.0 578.0 32 60 
0 19.0 565.5 38 31 
0 40.0 560.0 2 18 
0 249.0 594.5 66 71 
0 946.0 570.0 4 4 
0 0.5 580.0 1 2 
0 3.0 580.0 2 2 
0 15.5 580.5 3 3 
0 1001.0 598.5 46 37 
0 185.0 584.0 2 2 
0 156.5 604.5 87 39 
0 19.5 603.5 39 31 
0 313.5 603.5 31 27 
0 405.5 612.5 31 45 
0 243.5 593.5 5 5 
0 295.0 614.0 6 16 
0 118.0 613.0 2 8 
0 307.0 622.5 2 7 
0 0.5 621.0 1 2 
0 301.0 623.0 2 4 
0 297.5 628.5 3 7 
0 294.0 627.0 2 2 
0 301.0 627.5 2 3 
0 22.5 693.0 45 36 
0 262.5 707.0 21 62 
0 364.0 710.5 26 61 
0 135.5 709.5 41 27 
0 151.5 740.5 61 39 
0 27.5 789.0 55 124 
0 143.5 757.5 3 7 
0 150.0 786.0 46 34 
0 236.5 810.5 39 59 
0 50.5 790.0 3 16 
0 153.0 802.5 2 3 
0 176.5 820.5 55 39 
0 49.0 819.0 2 2 
0 51.0 842.5 2 9 
0 23.0 849.0 2 2 
0 46.5 962.5 51 45 
