0 406.0 1.0 2 2 
0 495.5 25.0 41 50 
0 552.0 37.0 48 74 
0 636.0 22.0 34 44 
0 762.0 18.5 48 37 
0 874.5 10.0 45 20 
0 930.5 13.0 39 26 
0 984.5 12.0 33 24 
0 454.0 27.5 30 51 
0 687.0 25.5 30 47 
0 719.5 15.5 33 25 
0 417.0 28.0 32 48 
0 473.5 9.5 3 3 
0 326.5 34.0 33 50 
0 439.5 11.5 3 3 
0 234.0 44.0 124 66 
0 398.5 13.5 3 3 
0 884.0 15.0 8 2 
0 438.5 26.5 3 3 
0 718.0 32.5 4 3 
0 701.0 43.0 12 18 
0 477.5 43.0 3 2 
0 62.5 71.0 45 52 
0 417.0 47.0 10 2 
0 521.0 48.5 4 5 
0 645.0 47.5 4 3 
0 274.0 48.0 2 2 
0 407.5 48.0 3 2 
0 526.5 64.0 15 18 
0 566.0 56.0 2 2 
0 202.0 68.5 6 3 
0 233.0 70.5 16 3 
0 247.5 73.5 3 3 
0 855.5 124.0 47 74 
0 984.5 118.0 39 62 
0 715.5 119.0 33 48 
0 840.0 96.0 2 2 
0 899.5 119.0 43 40 
0 756.0 129.5 40 47 
0 650.0 140.5 40 63 
0 416.0 167.0 40 86 
0 498.0 153.5 42 53 
0 909.5 129.5 5 3 
0 312.0 149.5 26 41 
0 839.0 132.0 2 2 
0 283.0 166.5 36 61 
0 718.0 144.5 4 3 
0 239.5 168.5 31 45 
0 664.0 147.0 6 2 
0 704.5 147.5 5 3 
0 849.0 159.5 2 3 
0 267.5 160.0 3 2 
0 220.0 161.0 2 2 
0 506.0 163.5 2 3 
0 511.0 164.0 2 2 
0 203.0 196.0 40 54 
0 221.5 171.5 5 3 
0 960.0 181.0 10 2 
0 975.0 210.5 46 59 
0 951.5 195.5 3 3 
0 865.0 211.5 66 27 
0 752.0 213.0 50 28 
0 771.5 215.5 3 5 
0 754.0 222.0 6 2 
0 765.0 222.0 14 2 
0 426.5 256.5 71 69 
0 741.5 223.0 15 2 
0 972.5 232.0 11 2 
0 983.0 232.0 6 2 
0 534.0 261.0 72 56 
0 212.5 254.0 57 36 
0 756.0 257.5 66 41 
0 976.5 256.5 43 29 
0 993.5 243.0 3 2 
0 869.0 256.5 40 27 
0 417.0 246.5 8 5 
0 779.0 246.0 4 4 
0 315.5 273.5 61 21 
0 878.5 265.0 9 2 
0 867.0 266.0 6 2 
0 554.5 272.0 3 6 
0 959.0 271.0 2 2 
0 880.0 273.0 12 2 
0 875.0 289.0 42 34 
0 860.0 274.0 12 2 
0 970.0 288.5 52 31 
0 538.5 281.0 19 4 
0 509.5 288.0 11 6 
0 522.0 288.0 2 2 
0 737.5 303.5 79 33 
0 647.5 312.5 53 33 
0 887.5 300.0 9 4 
0 966.0 299.0 4 2 
0 392.5 305.0 7 10 
0 402.5 303.0 9 6 
0 412.0 302.0 4 2 
0 413.5 320.5 35 31 
0 504.5 316.5 17 21 
0 537.0 324.0 56 36 
0 398.0 308.0 4 2 
0 994.5 328.0 13 20 
0 707.0 321.0 6 4 
0 971.0 320.0 6 2 
0 957.0 322.0 4 4 
0 875.0 334.5 42 27 
0 711.5 324.5 3 3 
0 977.0 338.5 48 29 
0 654.5 333.0 13 6 
0 569.5 347.0 19 14 
0 657.0 344.5 6 7 
0 630.0 343.0 4 2 
0 768.0 357.5 42 29 
0 643.0 364.0 34 34 
0 312.0 374.0 60 26 
0 984.0 365.0 6 2 
0 995.0 366.0 4 4 
0 964.0 366.0 6 2 
0 863.0 386.5 52 33 
0 979.0 383.0 44 24 
0 760.0 374.5 2 3 
0 652.0 397.0 58 30 
0 408.5 406.5 45 33 
0 973.5 391.0 11 2 
0 534.0 423.5 66 43 
0 658.5 407.0 17 2 
0 627.0 410.0 2 2 
0 629.0 413.5 4 3 
0 668.5 414.0 3 2 
0 634.5 415.5 5 3 
0 389.0 423.0 2 2 
0 996.0 452.0 36 58 
0 934.0 459.5 70 63 
0 521.0 433.0 2 2 
0 1001.0 435.5 6 7 
0 773.0 464.5 30 49 
0 1005.0 445.5 2 5 
0 687.5 478.5 33 53 
0 974.0 455.0 2 2 
0 644.5 480.5 43 51 
0 863.5 477.0 55 42 
0 976.5 458.5 3 3 
0 777.0 461.5 2 3 
0 752.5 468.0 5 2 
0 842.0 469.0 2 2 
0 959.0 470.0 2 4 
0 836.0 472.0 2 2 
0 840.5 472.0 3 2 
0 550.5 492.5 39 37 
0 833.5 481.5 3 3 
0 753.0 486.0 4 2 
0 838.5 488.5 3 3 
0 911.5 493.5 25 5 
0 696.0 507.0 16 4 
0 676.0 508.0 10 4 
0 689.5 513.0 13 4 
0 993.0 748.5 44 37 
0 1002.0 739.0 2 4 
0 779.5 765.0 31 38 
0 984.0 757.0 2 2 
0 659.0 771.0 48 26 
0 681.0 760.0 2 2 
0 761.0 762.0 2 2 
0 786.0 764.5 2 3 
0 666.5 786.5 11 7 
0 649.5 786.5 19 5 
0 876.5 801.5 25 33 
0 990.5 799.5 47 29 
0 778.0 802.0 40 30 
0 892.0 791.0 2 2 
0 896.0 791.0 2 2 
0 1004.5 798.0 9 8 
0 662.5 812.5 63 33 
0 792.0 802.5 2 7 
0 522.5 823.0 27 40 
0 887.0 843.5 56 43 
0 976.5 846.5 43 29 
0 757.0 851.5 68 29 
0 980.5 857.5 7 3 
0 535.0 872.5 58 31 
0 882.0 866.0 16 4 
0 880.0 892.5 30 39 
0 965.5 877.5 3 3 
0 991.5 890.0 51 28 
0 968.5 880.0 3 2 
0 762.5 902.0 53 42 
0 773.0 888.0 2 2 
0 755.0 890.0 2 2 
0 982.5 903.0 23 4 
0 444.5 919.5 59 33 
0 778.0 907.0 2 2 
0 475.0 937.0 2 2 
0 452.0 939.0 2 2 
0 459.0 939.0 2 2 
0 1008.5 965.5 31 49 
0 776.5 970.5 37 51 
0 956.5 972.5 33 47 
0 785.5 952.5 3 5 
0 856.0 951.0 2 2 
0 860.0 956.5 8 7 
0 789.0 956.0 2 2 
0 695.5 985.5 25 57 
0 786.0 958.0 2 2 
0 938.0 961.0 6 8 
0 896.0 977.0 62 32 
0 734.5 987.0 39 36 
0 424.0 998.5 34 51 
0 548.0 1004.0 62 40 
0 965.0 989.5 2 3 
0 654.5 1001.0 35 24 
0 948.0 996.5 16 7 
0 682.5 1006.5 3 3 
0 650.0 1017.0 20 4 
0 542.5 1022.5 3 3 
0 422.5 1023.0 3 2 
