0 6.0 11.0 12 22 
0 44.5 15.5 35 31 
0 90.0 14.0 26 28 
0 136.0 15.0 26 30 
0 238.5 14.0 43 28 
0 285.5 13.5 35 27 
0 339.0 22.0 20 44 
0 360.0 4.5 4 7 
0 153.0 13.0 6 14 
0 379.0 28.5 32 43 
0 357.0 15.0 4 10 
0 475.0 39.5 26 55 
0 521.5 25.0 37 26 
0 570.5 25.5 31 21 
0 108.5 18.0 5 4 
0 803.5 39.0 31 44 
0 806.0 18.5 2 3 
0 619.5 38.5 33 39 
0 715.5 42.5 35 47 
0 73.5 21.5 3 3 
0 251.5 23.5 5 7 
0 262.0 21.0 2 2 
0 806.5 26.0 3 2 
0 986.5 29.0 13 8 
0 852.5 48.0 31 44 
0 459.5 46.0 5 38 
0 764.5 40.0 29 24 
0 859.0 35.0 2 2 
0 955.5 35.5 3 3 
0 492.0 36.0 2 2 
0 735.5 39.0 5 6 
0 957.5 67.0 35 58 
0 983.0 56.0 4 36 
0 1001.0 56.0 30 36 
0 381.5 44.0 5 2 
0 869.0 53.0 2 2 
0 14.5 71.5 29 37 
0 782.5 55.5 3 3 
0 819.5 62.0 9 16 
0 470.5 61.5 7 3 
0 850.0 72.5 6 5 
0 856.5 72.5 7 5 
0 818.0 73.0 2 2 
0 329.5 79.5 3 3 
0 592.0 102.5 52 43 
0 359.5 99.0 47 34 
0 510.5 104.0 59 42 
0 937.5 92.5 9 5 
0 475.0 95.0 4 4 
0 734.0 110.5 34 33 
0 951.5 101.0 13 6 
0 13.0 104.0 4 4 
0 28.5 123.0 41 40 
0 841.0 118.0 30 30 
0 966.5 107.0 5 4 
0 968.5 127.5 39 45 
0 5.0 111.0 4 4 
0 512.5 120.0 3 2 
0 361.0 138.5 48 35 
0 986.5 128.5 5 9 
0 491.5 127.0 5 4 
0 821.0 126.0 2 2 
0 827.0 131.0 6 4 
0 833.0 135.0 6 8 
0 500.0 149.0 42 32 
0 589.0 155.5 50 43 
0 820.0 136.0 2 2 
0 838.5 140.0 5 4 
0 819.0 140.0 2 2 
0 831.5 159.5 43 41 
0 743.0 142.5 4 3 
0 24.5 162.0 39 40 
0 982.0 145.0 4 4 
0 740.5 160.0 51 30 
0 952.5 167.5 7 29 
0 966.0 154.5 4 3 
0 856.0 159.5 4 5 
0 972.0 176.5 30 37 
0 358.5 187.5 45 33 
0 338.0 175.0 4 6 
0 479.0 180.0 4 8 
0 495.0 192.5 22 29 
0 826.0 184.0 4 4 
0 857.0 183.0 2 2 
0 834.0 184.0 2 2 
0 841.0 185.0 6 4 
0 850.0 185.0 4 4 
0 13.5 186.5 23 5 
0 604.0 204.5 30 35 
0 24.0 208.5 40 35 
0 735.5 208.0 25 34 
0 24.5 194.5 3 3 
0 7.0 195.5 4 3 
0 838.5 209.0 39 26 
0 816.5 199.5 3 5 
0 380.0 201.5 2 5 
0 365.5 204.0 7 8 
0 374.0 202.5 8 5 
0 0.5 206.5 1 3 
0 716.5 211.5 5 11 
0 971.0 221.5 24 29 
0 500.0 212.0 8 6 
0 483.0 212.0 4 4 
0 492.5 212.5 5 5 
0 332.5 218.5 5 13 
0 358.0 230.0 42 26 
0 586.0 241.0 54 48 
0 987.0 218.5 2 3 
0 719.5 221.0 5 6 
0 489.5 237.0 67 34 
0 751.0 223.5 4 5 
0 6.0 230.5 12 5 
0 730.0 232.5 6 3 
0 835.5 251.5 43 39 
0 738.5 253.0 43 34 
0 961.0 238.5 10 5 
0 18.5 239.0 3 2 
0 24.5 258.5 49 31 
0 951.0 252.5 4 13 
0 585.0 250.0 2 4 
0 971.5 266.0 29 36 
0 363.5 270.5 45 33 
0 493.0 257.0 4 4 
0 502.0 258.0 4 4 
0 476.5 272.0 5 18 
0 762.0 268.5 2 3 
0 509.0 270.0 2 2 
0 33.0 272.5 10 5 
0 594.0 272.0 4 4 
0 842.0 273.0 4 4 
0 598.5 288.5 49 33 
0 498.0 288.0 32 30 
0 858.0 274.0 2 2 
0 743.0 317.0 48 76 
0 825.0 297.5 62 35 
0 480.0 283.0 4 4 
0 0.5 287.0 1 10 
0 25.0 299.0 46 26 
0 363.0 294.0 2 2 
0 976.0 309.0 38 28 
0 378.5 300.5 11 5 
0 356.5 301.0 3 2 
0 365.5 302.0 5 4 
0 365.5 322.5 59 37 
0 502.0 323.0 46 38 
0 333.0 316.5 4 5 
0 593.0 332.0 50 28 
0 735.0 323.5 2 3 
0 32.0 344.0 56 40 
0 333.0 325.0 2 2 
0 841.0 347.0 28 38 
0 982.5 349.0 39 32 
0 258.0 347.5 4 3 
0 247.5 349.5 5 5 
0 266.0 351.5 4 7 
0 617.0 353.5 6 7 
0 623.5 354.0 5 4 
0 246.0 359.5 4 11 
0 250.0 380.5 30 53 
0 375.0 357.0 2 2 
0 627.5 361.0 11 6 
0 382.5 387.5 35 57 
0 485.5 391.5 43 65 
0 28.5 384.0 43 40 
0 359.0 381.5 12 35 
0 623.5 393.5 27 59 
0 20.5 370.0 11 6 
0 286.0 390.0 36 44 
0 2.5 388.0 5 34 
0 12.0 372.0 2 2 
0 315.0 373.0 4 4 
0 337.5 393.0 29 38 
0 315.0 379.0 4 6 
0 502.0 380.0 2 2 
0 228.5 395.0 7 30 
0 506.0 385.0 8 10 
0 577.0 403.0 32 46 
0 513.5 383.0 7 2 
0 483.5 387.0 5 8 
0 523.5 405.5 41 43 
0 318.0 388.0 4 6 
0 525.0 390.0 4 4 
0 717.0 416.5 38 53 
0 760.5 394.0 3 4 
0 784.0 394.0 2 2 
0 318.0 402.5 4 11 
0 770.0 417.0 30 40 
0 813.5 414.0 33 34 
0 855.5 416.5 39 39 
0 306.0 400.0 2 2 
0 832.0 407.0 4 16 
0 8.0 402.5 4 3 
0 362.5 406.0 3 2 
0 748.0 417.5 4 23 
0 1005.0 429.0 36 42 
0 370.0 414.0 8 8 
0 287.0 412.0 2 2 
0 324.0 413.0 8 4 
0 363.0 412.0 2 2 
0 961.0 430.0 34 34 
0 353.0 418.0 2 2 
0 728.5 430.5 17 9 
0 794.0 432.5 6 11 
0 940.0 435.0 6 14 
0 819.5 435.5 17 9 
0 803.5 437.5 11 7 
0 763.0 436.5 2 3 
0 841.5 438.5 3 3 
0 935.0 446.5 4 7 
0 714.0 448.5 4 3 
0 249.0 522.5 32 41 
0 301.0 503.0 2 2 
0 337.5 522.5 31 35 
0 293.5 523.0 29 30 
0 380.5 524.5 33 31 
0 617.0 514.0 14 6 
0 484.0 525.5 32 23 
0 530.0 531.5 36 33 
0 574.0 535.0 28 36 
0 555.5 524.5 7 9 
0 619.5 542.0 39 42 
0 726.5 555.0 55 62 
0 271.5 532.0 5 6 
0 804.0 550.0 42 42 
0 824.0 530.0 2 2 
0 555.5 534.5 7 9 
0 355.0 533.0 8 4 
0 778.0 543.5 8 19 
0 839.0 550.5 4 31 
0 861.0 556.0 30 38 
0 946.0 540.0 4 4 
0 510.0 543.0 6 6 
0 552.0 542.0 4 4 
0 247.0 542.5 4 3 
0 1003.5 566.5 33 51 
0 587.0 545.5 8 5 
0 963.0 556.5 32 27 
0 978.0 544.5 2 3 
0 334.5 546.5 19 5 
0 532.0 547.5 6 5 
0 596.5 548.5 5 5 
0 646.5 554.5 7 5 
0 639.0 554.0 4 2 
0 597.0 557.0 8 6 
0 776.0 561.0 4 6 
0 876.0 560.5 2 3 
0 776.0 567.5 4 7 
0 620.5 567.5 13 5 
0 950.0 571.0 14 6 
0 844.0 577.5 6 5 
0 852.0 577.5 8 5 
0 375.0 605.0 56 50 
0 498.5 604.5 57 45 
0 595.5 621.0 57 72 
0 732.5 590.0 21 8 
0 749.0 593.0 2 2 
0 483.0 599.5 4 5 
0 628.0 603.5 4 5 
0 845.5 621.0 23 32 
0 746.5 623.5 53 33 
0 393.0 612.0 2 2 
0 982.0 628.0 48 34 
0 364.5 645.0 51 32 
0 383.0 632.0 2 2 
0 479.5 650.0 5 22 
0 504.5 649.0 39 20 
0 851.5 665.5 35 35 
0 605.0 652.0 4 4 
0 612.0 652.5 8 5 
0 741.0 665.0 42 30 
0 980.0 699.5 42 75 
0 580.5 669.5 3 3 
0 334.0 671.0 4 4 
0 581.0 673.5 4 3 
0 341.5 688.5 5 25 
0 366.5 688.5 41 23 
0 741.5 684.0 7 4 
0 757.0 684.5 12 5 
0 604.5 699.5 37 31 
0 845.0 703.0 42 32 
0 741.5 709.5 41 29 
0 958.0 710.0 4 12 
0 610.0 721.0 24 6 
0 844.0 755.0 36 38 
0 742.5 752.5 49 31 
0 977.5 769.5 37 27 
