0 1.5 2.5 3 5 
0 23.0 12.0 46 24 
0 49.0 8.5 8 17 
0 406.5 2.0 25 4 
0 459.0 3.5 20 7 
0 472.0 2.0 4 4 
0 607.5 1.0 7 2 
0 937.5 22.5 63 45 
0 922.0 1.0 4 2 
0 402.0 3.0 2 2 
0 151.0 30.5 62 41 
0 918.5 14.0 5 6 
0 963.5 14.0 3 4 
0 47.0 23.0 10 8 
0 41.5 21.0 3 2 
0 612.5 31.5 11 5 
0 409.0 80.5 40 91 
0 912.0 39.5 4 3 
0 597.0 76.5 54 75 
0 326.0 72.0 40 62 
0 932.0 62.5 24 37 
0 919.0 47.5 4 3 
0 279.5 79.0 41 62 
0 453.0 72.0 26 48 
0 413.0 52.0 2 2 
0 398.5 53.5 3 3 
0 798.0 90.0 82 70 
0 220.5 77.0 35 42 
0 1019.0 65.0 10 16 
0 936.0 61.0 2 4 
0 877.0 86.0 44 52 
0 169.0 86.5 52 39 
0 497.0 87.5 36 41 
0 29.5 159.5 59 183 
0 482.0 72.5 2 3 
0 541.5 91.5 27 41 
0 33.5 73.0 3 2 
0 521.0 92.5 6 33 
0 466.5 80.0 3 4 
0 40.0 83.0 2 4 
0 486.5 83.5 3 5 
0 467.0 90.0 4 14 
0 40.0 94.0 2 16 
0 927.5 109.0 33 34 
0 266.0 96.0 2 2 
0 460.5 98.5 3 3 
0 389.0 108.0 8 8 
0 561.0 109.0 6 8 
0 46.0 135.0 2 2 
0 1023.0 144.5 2 19 
0 940.5 157.5 33 35 
0 152.0 178.5 44 55 
0 242.0 155.0 2 2 
0 228.0 191.0 58 66 
0 1022.5 165.0 3 12 
0 961.5 165.5 3 7 
0 52.0 168.5 2 3 
0 609.0 169.0 2 2 
0 326.0 188.0 34 38 
0 41.0 172.0 2 2 
0 51.0 172.0 2 2 
0 247.0 172.0 2 2 
0 287.0 194.5 42 47 
0 432.0 191.0 44 38 
0 41.0 175.0 2 2 
0 661.0 179.5 12 9 
0 608.0 239.5 42 127 
0 680.5 180.0 5 6 
0 825.0 196.0 68 38 
0 41.0 179.0 2 2 
0 671.5 181.5 7 5 
0 686.0 185.0 4 4 
0 676.5 201.0 41 34 
0 251.0 186.5 4 3 
0 545.5 244.5 51 115 
0 42.5 205.5 3 19 
0 436.5 230.5 47 39 
0 701.5 213.5 3 3 
0 645.0 226.5 6 7 
0 669.0 240.0 48 30 
0 617.0 237.0 2 2 
0 10.0 241.0 6 4 
0 20.0 244.5 6 5 
0 27.0 244.0 2 2 
0 35.0 247.0 4 4 
0 429.0 282.5 36 47 
0 804.0 293.5 38 49 
0 681.5 293.5 31 47 
0 798.0 271.0 2 2 
0 680.0 275.0 4 2 
0 605.0 297.5 14 11 
0 413.0 295.5 4 5 
0 582.5 295.0 3 4 
0 569.5 300.0 5 10 
0 613.5 297.0 3 2 
0 155.5 354.5 57 37 
0 167.0 343.0 28 8 
0 6.5 348.5 7 5 
0 22.0 398.0 44 102 
0 164.5 396.5 57 33 
0 211.0 401.0 2 8 
0 419.5 432.0 35 64 
0 469.0 433.5 36 63 
0 559.5 404.5 3 5 
0 428.5 404.0 3 2 
0 546.0 407.0 6 6 
0 238.5 432.0 39 50 
0 552.5 437.5 27 55 
0 512.0 439.0 30 54 
0 166.0 420.0 6 6 
0 874.0 497.0 108 156 
0 281.0 445.5 40 39 
0 162.5 447.0 55 30 
0 530.0 442.0 2 2 
0 933.0 483.0 8 80 
0 520.0 449.0 2 2 
0 501.5 466.0 3 2 
0 832.0 484.0 8 2 
0 210.0 571.0 160 142 
0 216.5 511.5 5 5 
0 283.0 521.5 2 3 
0 289.5 526.0 5 6 
0 282.0 527.0 2 4 
0 443.5 533.0 17 16 
0 377.5 552.5 33 41 
0 420.0 533.5 4 3 
0 827.5 533.5 5 3 
0 832.0 533.0 2 2 
0 281.0 534.0 2 2 
0 426.0 536.5 8 7 
0 440.5 534.0 3 2 
0 840.0 534.0 4 2 
0 411.0 538.5 14 7 
0 444.0 536.0 2 2 
0 466.0 555.5 30 41 
0 1004.5 537.5 5 3 
0 512.0 556.5 28 39 
0 604.5 557.5 29 41 
0 999.5 604.5 49 135 
0 559.5 557.0 31 38 
0 382.0 541.5 8 5 
0 135.0 542.0 4 4 
0 282.0 548.0 2 12 
0 440.0 544.0 6 4 
0 475.5 544.0 3 4 
0 427.5 564.0 37 42 
0 440.0 551.0 6 8 
0 11.5 582.5 23 65 
0 829.0 566.5 34 27 
0 849.0 570.5 6 23 
0 451.0 561.0 2 2 
0 179.5 563.0 5 4 
0 187.5 563.0 7 4 
0 196.5 564.5 9 7 
0 209.5 564.0 11 4 
0 223.0 563.5 12 3 
0 236.0 564.5 12 3 
0 248.5 564.5 7 3 
0 256.0 566.0 2 2 
0 441.0 566.5 4 3 
0 935.5 573.5 5 11 
0 141.0 570.0 2 2 
0 364.5 572.0 3 2 
0 455.0 573.0 2 2 
0 461.0 574.0 4 2 
0 555.0 576.0 2 2 
0 419.0 578.0 2 2 
0 911.0 579.0 4 4 
0 926.0 579.5 6 3 
0 822.0 582.0 4 4 
0 138.5 585.0 3 4 
0 425.0 584.0 2 2 
0 906.5 606.0 31 42 
0 871.5 604.5 35 37 
0 828.5 606.5 47 31 
0 969.0 600.5 2 13 
0 7.0 616.0 6 4 
0 14.0 616.5 6 3 
0 820.0 622.0 4 4 
0 870.5 624.0 3 4 
0 878.5 624.0 5 4 
0 898.5 625.0 3 4 
0 813.0 627.5 10 5 
0 912.0 626.0 2 2 
0 146.0 630.0 4 4 
0 828.5 643.0 47 30 
0 969.0 634.0 2 4 
0 906.5 653.5 29 41 
0 873.5 653.5 37 37 
0 153.0 637.0 2 2 
0 216.5 638.0 3 2 
0 186.0 639.0 2 2 
0 247.0 640.0 4 4 
0 153.5 642.0 7 6 
0 172.0 640.0 2 2 
0 180.0 640.5 4 3 
0 233.5 640.0 3 2 
0 268.0 640.0 2 2 
0 261.0 641.0 2 2 
0 276.0 641.0 2 2 
0 337.5 669.5 33 53 
0 855.5 650.0 3 4 
0 22.5 669.0 45 40 
0 37.5 654.0 3 2 
0 828.0 679.0 48 28 
0 874.0 672.5 6 3 
0 880.0 674.0 4 2 
0 982.0 676.5 4 5 
0 812.5 681.0 3 4 
0 0.5 684.0 1 2 
0 21.0 687.0 4 4 
0 989.5 766.5 69 157 
0 886.0 737.0 128 72 
0 961.0 724.5 12 21 
0 939.0 720.0 2 2 
0 39.5 781.5 79 109 
0 939.0 747.5 4 7 
0 56.0 771.5 2 3 
0 881.5 899.0 285 250 
0 68.0 779.0 2 2 
0 829.5 782.0 5 8 
0 53.0 790.0 2 2 
0 824.5 795.0 5 4 
0 60.5 796.0 3 4 
0 62.5 815.0 3 6 
0 964.5 828.0 7 28 
0 60.0 827.0 2 4 
0 63.5 839.5 3 3 
0 945.0 841.0 2 2 
0 949.0 841.0 4 2 
0 776.0 844.0 18 6 
0 958.0 842.5 2 3 
0 798.0 844.0 2 2 
0 801.5 845.0 3 2 
0 983.0 848.0 4 2 
0 993.0 848.0 2 2 
0 1010.5 849.5 15 3 
0 887.0 853.0 4 2 
0 740.0 863.5 2 3 
0 740.0 867.5 2 3 
0 445.5 897.0 113 48 
0 592.0 902.5 68 31 
0 914.5 905.5 19 7 
0 961.0 918.5 8 7 
0 601.5 917.0 5 2 
0 621.0 917.0 2 2 
0 828.0 917.5 4 3 
0 916.5 918.5 5 5 
0 946.5 919.5 15 5 
0 776.0 921.5 6 5 
0 767.5 921.0 3 2 
0 793.5 924.5 7 9 
0 770.0 924.0 2 2 
0 803.5 927.5 5 5 
0 1014.5 1005.5 19 37 
0 36.0 1009.0 46 30 
0 1014.5 1012.5 13 23 
0 775.0 1020.0 4 8 
0 905.5 1023.0 5 2 
