0 224.0 38.5 116 77 
0 340.0 20.0 40 40 
0 392.5 5.0 5 10 
0 427.0 8.0 66 16 
0 614.0 16.5 104 33 
0 771.0 0.5 6 1 
0 857.0 22.0 184 44 
0 1009.0 13.5 30 27 
0 225.0 3.0 2 2 
0 769.5 5.0 5 6 
0 323.0 7.0 2 2 
0 441.5 11.0 21 2 
0 322.0 13.0 2 2 
0 769.5 13.0 3 2 
0 944.0 15.0 2 2 
0 0.5 18.0 1 2 
0 945.0 20.5 2 5 
0 997.0 21.0 2 4 
0 770.0 22.0 4 2 
0 320.0 23.0 2 2 
0 934.0 24.0 4 2 
0 5.5 32.5 11 17 
0 911.0 25.0 2 2 
0 995.5 28.0 7 8 
0 216.0 26.5 4 3 
0 857.5 28.0 17 6 
0 837.0 27.0 2 2 
0 841.0 27.0 2 2 
0 844.0 27.0 2 2 
0 882.0 27.0 2 2 
0 812.0 28.0 10 2 
0 1007.0 30.0 10 6 
0 1015.0 29.0 4 2 
0 832.0 31.0 2 2 
0 1022.5 33.0 3 6 
0 355.5 32.5 3 3 
0 901.5 35.5 3 3 
0 847.0 36.0 4 2 
0 834.5 40.0 15 6 
0 277.5 51.0 3 2 
0 218.0 52.0 2 2 
0 241.0 57.0 2 2 
0 246.0 58.0 4 2 
0 212.0 60.5 4 3 
0 182.0 63.0 2 2 
0 997.0 98.0 6 2 
0 991.0 100.5 2 3 
0 991.0 134.5 42 63 
0 841.5 139.5 57 43 
0 662.5 147.5 39 55 
0 443.0 207.5 148 167 
0 460.5 129.0 11 2 
0 469.0 131.5 16 7 
0 620.5 157.5 35 57 
0 569.0 158.0 30 56 
0 935.0 155.5 40 49 
0 508.0 133.0 2 2 
0 420.0 142.0 4 2 
0 850.0 142.0 2 2 
0 383.0 144.5 6 5 
0 854.0 144.5 6 3 
0 675.0 159.0 8 28 
0 597.5 159.0 7 6 
0 374.0 169.0 2 2 
0 374.5 179.0 3 4 
0 453.0 178.5 4 3 
0 453.0 186.0 4 6 
0 948.0 207.5 44 33 
0 452.0 203.5 6 19 
0 834.0 219.0 70 50 
0 618.0 204.0 2 2 
0 621.0 204.0 2 2 
0 506.5 214.5 5 5 
0 378.0 217.0 2 4 
0 588.0 232.5 50 35 
0 453.5 218.5 3 5 
0 378.0 223.5 2 3 
0 513.0 223.0 2 2 
0 453.5 224.5 3 3 
0 453.5 234.0 3 12 
0 378.0 232.0 2 2 
0 377.0 235.0 2 2 
0 378.0 239.0 2 4 
0 453.5 248.5 3 9 
0 828.0 246.0 4 4 
0 937.0 245.0 10 2 
0 377.0 247.5 4 3 
0 947.0 267.0 62 42 
0 584.0 251.5 10 5 
0 575.5 277.5 39 41 
0 378.0 260.0 2 2 
0 452.0 261.5 6 5 
0 830.5 279.5 49 41 
0 453.0 273.0 2 2 
0 377.0 276.0 2 2 
0 473.0 281.5 10 3 
0 493.0 281.0 4 2 
0 824.5 286.0 3 2 
0 956.0 314.5 62 39 
0 839.0 317.0 38 34 
0 351.0 340.5 54 33 
0 470.5 378.5 41 35 
0 462.0 365.0 6 2 
0 450.5 367.5 3 3 
0 923.0 380.5 10 9 
0 482.0 384.5 4 9 
0 950.5 401.5 93 39 
0 977.5 391.0 3 4 
0 124.5 457.0 47 116 
0 844.0 401.5 6 3 
0 594.5 419.0 65 34 
0 831.5 403.0 3 2 
0 839.5 426.0 39 44 
0 480.0 413.0 22 16 
0 465.0 408.0 14 4 
0 747.0 426.0 48 38 
0 800.5 433.5 39 49 
0 460.5 431.0 41 38 
0 494.0 418.0 2 2 
0 491.0 421.0 2 2 
0 489.0 429.5 8 9 
0 623.0 428.5 2 3 
0 960.5 445.0 49 26 
0 606.0 434.5 8 3 
0 475.5 462.0 51 46 
0 474.0 443.5 8 5 
0 481.5 444.0 5 6 
0 492.0 444.0 2 2 
0 848.0 444.0 12 2 
0 934.0 447.0 2 2 
0 934.0 452.5 4 5 
0 603.5 454.0 7 6 
0 460.0 455.0 10 4 
0 595.0 473.0 64 32 
0 943.0 459.5 14 3 
0 953.0 459.5 4 3 
0 453.0 460.0 2 2 
0 452.0 465.0 2 4 
0 957.5 473.0 5 2 
0 947.0 493.0 40 38 
0 962.0 476.0 2 2 
0 483.0 479.5 4 3 
0 926.5 479.0 5 2 
0 962.0 479.0 2 2 
0 950.0 481.0 4 2 
0 591.0 517.0 54 34 
0 465.5 504.0 9 2 
0 473.0 517.5 38 29 
0 563.0 504.0 2 2 
0 456.0 507.5 8 3 
0 924.0 512.0 2 2 
0 942.5 518.0 33 4 
0 743.5 526.0 5 2 
0 789.5 548.5 117 47 
0 942.5 539.0 45 28 
0 600.0 558.5 66 29 
0 624.5 550.5 5 5 
0 474.0 566.0 36 28 
0 927.0 558.0 8 6 
0 566.0 562.0 2 2 
0 965.5 594.5 89 55 
0 734.0 571.5 10 5 
0 125.0 608.5 30 69 
0 460.5 581.5 11 3 
0 741.0 584.5 8 5 
0 797.0 611.0 128 42 
0 993.0 599.0 2 4 
0 474.5 613.5 41 29 
0 490.0 600.0 2 2 
0 738.0 609.0 12 14 
0 868.0 610.0 2 2 
0 110.0 638.0 2 2 
0 811.0 647.0 6 4 
0 798.0 672.0 30 50 
0 860.0 664.5 10 13 
0 839.0 680.0 36 42 
0 745.0 686.0 46 32 
0 858.5 677.0 9 10 
0 859.0 684.5 4 3 
0 827.5 708.5 3 3 
0 132.5 891.0 265 266 
0 161.5 760.0 23 2 
0 956.0 803.0 72 88 
0 142.5 761.0 3 2 
0 189.0 785.0 2 2 
0 112.0 790.0 4 6 
0 10.5 789.0 7 2 
0 189.5 790.0 3 2 
0 954.5 795.0 3 2 
0 111.0 800.0 6 8 
0 750.0 813.5 50 33 
0 849.0 832.0 38 68 
0 192.5 801.5 3 5 
0 772.0 805.0 2 4 
0 109.5 818.0 9 6 
0 433.5 845.0 31 46 
0 360.0 846.5 28 47 
0 397.0 844.5 34 41 
0 107.5 827.5 7 5 
0 471.5 844.0 31 36 
0 355.0 829.0 2 2 
0 189.0 834.0 2 2 
0 418.0 836.0 2 4 
0 457.5 836.0 5 4 
0 547.0 890.5 158 113 
0 110.5 843.0 13 14 
0 506.5 841.5 3 3 
0 281.0 842.0 16 2 
0 242.0 845.5 4 5 
0 302.0 907.0 70 128 
0 223.5 850.0 3 2 
0 507.0 854.5 2 3 
0 470.5 865.0 23 4 
0 962.5 884.5 53 41 
0 388.0 867.5 14 3 
0 437.5 886.5 35 31 
0 390.0 873.0 4 2 
0 387.5 891.0 37 38 
0 417.5 876.0 3 2 
0 417.0 889.0 4 6 
0 367.5 892.0 3 6 
0 417.0 896.0 4 4 
0 367.0 900.0 2 2 
0 369.0 902.0 2 2 
0 420.5 903.5 5 5 
0 473.5 902.0 9 2 
0 164.5 906.5 3 3 
0 436.5 924.0 41 32 
0 388.5 925.5 41 31 
0 417.0 917.0 4 4 
0 941.0 934.5 34 33 
0 129.5 925.5 11 13 
0 1015.0 931.0 18 24 
0 223.5 952.5 45 65 
0 1007.5 922.0 3 2 
0 1003.5 924.0 5 4 
0 988.0 938.5 36 27 
0 464.0 928.5 4 3 
0 418.0 929.0 2 2 
0 133.0 939.5 6 19 
0 892.5 950.0 35 30 
0 121.0 942.5 6 5 
0 463.5 942.5 3 5 
0 199.0 944.0 2 2 
0 560.0 948.5 76 9 
0 991.0 946.0 2 2 
0 600.0 949.5 4 3 
0 470.5 953.0 11 4 
0 1023.0 953.5 2 3 
0 294.0 961.0 8 4 
0 120.0 972.5 4 15 
0 321.0 967.0 2 2 
0 884.5 970.5 7 3 
0 323.0 983.5 12 13 
0 276.0 1001.0 160 46 
0 198.0 983.0 2 2 
0 312.0 986.5 8 7 
0 121.5 987.5 7 7 
0 285.5 986.0 9 4 
0 213.5 988.0 27 4 
0 410.5 988.5 3 3 
0 446.0 988.0 10 2 
0 427.0 989.0 22 2 
0 344.0 991.0 4 2 
0 365.5 991.0 3 2 
0 211.5 992.0 11 2 
0 441.0 1009.0 140 30 
0 367.5 1003.0 5 4 
0 194.0 1008.5 2 3 
0 194.0 1020.0 2 2 
0 509.5 1022.5 3 3 
