0 819.5 34.0 39 68 
0 1014.5 1.5 3 3 
0 133.5 5.5 23 9 
0 84.5 28.0 27 50 
0 39.5 26.5 33 41 
0 360.5 15.0 5 18 
0 976.5 9.5 11 7 
0 238.5 31.0 45 48 
0 382.0 29.5 32 45 
0 498.5 18.0 3 22 
0 101.5 17.0 3 18 
0 579.0 28.0 38 40 
0 763.0 17.0 16 18 
0 784.0 11.0 12 6 
0 1014.0 28.5 20 41 
0 283.5 23.5 31 25 
0 530.0 25.5 36 29 
0 729.0 34.0 36 46 
0 794.5 22.0 3 20 
0 130.0 36.0 30 46 
0 482.5 38.5 25 51 
0 778.0 25.5 28 25 
0 992.5 23.0 3 20 
0 632.0 38.0 40 48 
0 976.5 46.5 33 65 
0 340.5 32.5 23 35 
0 2.0 31.5 4 29 
0 870.5 35.0 29 36 
0 890.5 24.0 3 12 
0 841.0 30.5 2 15 
0 105.0 30.5 2 9 
0 464.5 45.0 3 38 
0 747.5 29.0 3 6 
0 760.0 29.0 2 2 
0 887.5 35.0 3 8 
0 148.0 33.5 2 3 
0 52.0 38.5 10 9 
0 23.0 43.0 6 16 
0 157.0 36.0 2 2 
0 797.0 37.5 4 5 
0 823.5 37.0 3 4 
0 264.5 38.0 3 2 
0 995.5 43.5 3 5 
0 802.5 46.0 5 8 
0 33.5 49.5 3 3 
0 127.5 51.5 3 3 
0 517.0 99.5 60 41 
0 988.0 83.0 4 4 
0 986.0 100.0 32 36 
0 331.5 85.0 3 4 
0 337.5 86.5 7 5 
0 374.0 86.5 4 5 
0 360.5 105.5 47 43 
0 749.0 101.0 30 30 
0 855.5 104.5 31 29 
0 598.5 109.5 55 35 
0 6.5 107.0 13 22 
0 751.0 99.5 4 3 
0 850.0 141.5 40 41 
0 504.5 143.5 43 41 
0 8.0 129.0 16 10 
0 838.0 125.5 2 3 
0 841.0 126.0 2 2 
0 757.0 128.5 4 3 
0 874.0 144.5 6 35 
0 361.0 146.5 42 37 
0 979.5 130.0 5 4 
0 985.5 130.0 5 4 
0 995.0 130.0 6 4 
0 598.5 148.0 51 38 
0 831.5 131.0 3 4 
0 973.5 142.5 5 27 
0 993.5 147.5 33 37 
0 752.0 131.0 2 2 
0 755.0 148.0 52 28 
0 17.5 156.0 35 40 
0 1009.5 160.5 3 9 
0 18.5 189.5 37 37 
0 350.0 175.0 22 6 
0 362.5 191.0 41 36 
0 485.5 177.5 5 9 
0 603.5 175.5 13 5 
0 621.0 176.5 14 7 
0 871.5 176.5 5 5 
0 996.0 176.5 10 5 
0 1006.5 183.0 9 18 
0 876.0 180.0 2 10 
0 501.0 194.5 24 33 
0 752.5 194.0 33 30 
0 852.0 197.0 44 34 
0 613.0 199.0 34 34 
0 991.5 197.5 25 29 
0 731.5 197.0 5 12 
0 338.0 194.5 2 5 
0 733.5 207.0 3 4 
0 18.5 231.0 37 36 
0 746.0 219.0 20 8 
0 335.5 224.0 9 14 
0 499.5 235.0 75 36 
0 756.0 236.0 46 36 
0 978.5 225.0 15 14 
0 360.5 236.0 45 28 
0 597.0 240.0 52 32 
0 628.0 230.0 4 12 
0 992.5 243.0 31 38 
0 856.0 240.0 44 28 
0 762.5 228.0 3 2 
0 833.0 229.0 2 2 
0 766.0 232.0 4 2 
0 625.5 245.5 3 17 
0 484.0 246.5 2 3 
0 585.0 255.0 2 2 
0 841.0 279.0 64 40 
0 8.5 263.0 5 6 
0 366.5 279.0 45 38 
0 2.5 263.5 5 5 
0 360.0 262.0 2 2 
0 481.5 270.5 3 19 
0 503.0 264.5 8 5 
0 513.0 264.5 10 5 
0 609.5 266.5 21 9 
0 756.0 303.0 50 82 
0 607.0 284.5 48 41 
0 19.0 282.5 38 31 
0 814.0 268.0 2 2 
0 850.0 268.0 2 2 
0 37.0 271.0 2 4 
0 995.0 287.5 36 35 
0 504.5 289.5 35 33 
0 484.5 283.0 3 4 
0 359.5 306.5 11 7 
0 373.0 307.0 8 6 
0 9.0 307.5 18 5 
0 858.0 326.0 28 40 
0 367.0 308.5 2 3 
0 379.0 309.0 2 4 
0 362.5 325.5 49 37 
0 507.0 328.0 42 38 
0 18.0 331.5 36 41 
0 741.5 315.0 3 2 
0 1002.0 332.5 40 37 
0 601.5 329.5 53 29 
0 24.0 319.0 4 2 
0 333.0 324.0 2 6 
0 389.0 322.0 2 2 
0 640.0 349.5 18 15 
0 632.0 344.0 2 2 
0 627.5 347.0 5 4 
0 255.0 360.5 8 9 
0 390.0 358.5 10 5 
0 650.5 366.0 3 16 
0 249.5 388.5 33 59 
0 385.5 389.0 35 58 
0 244.5 369.5 5 15 
0 633.0 392.0 28 58 
0 21.5 400.5 43 73 
0 488.5 394.5 39 53 
0 342.5 393.5 39 49 
0 340.5 376.5 17 5 
0 302.0 376.5 2 3 
0 785.5 378.0 23 6 
0 799.0 376.5 2 3 
0 832.0 395.0 38 40 
0 876.0 401.0 42 48 
0 585.0 398.5 28 41 
0 732.0 405.0 40 54 
0 314.5 381.0 3 4 
0 290.5 399.0 25 38 
0 782.5 401.5 25 39 
0 510.0 384.0 2 2 
0 511.5 387.0 5 8 
0 534.5 401.0 31 36 
0 533.0 386.0 2 4 
0 315.0 387.0 2 4 
0 490.0 388.5 4 7 
0 551.5 400.0 3 30 
0 519.0 388.0 4 4 
0 796.5 397.0 3 22 
0 45.0 388.0 2 2 
0 762.5 402.5 3 23 
0 1.5 396.0 3 4 
0 318.0 397.5 2 7 
0 979.0 411.5 32 31 
0 1017.0 408.5 14 23 
0 225.0 409.0 2 22 
0 306.5 402.0 5 4 
0 305.5 407.0 3 4 
0 318.0 410.5 2 9 
0 510.0 407.5 2 3 
0 799.5 412.0 3 12 
0 961.0 411.5 2 11 
0 364.0 409.5 2 3 
0 809.0 413.5 2 9 
0 601.5 413.0 3 4 
0 998.5 413.5 3 5 
0 513.0 413.5 2 3 
0 958.0 416.5 2 3 
0 744.0 417.0 2 2 
0 840.0 417.0 2 2 
0 275.0 419.0 2 2 
0 544.5 420.0 5 4 
0 955.0 421.5 2 7 
0 494.0 420.0 2 2 
0 822.0 420.0 2 2 
0 363.5 428.5 5 3 
0 4.0 431.5 8 7 
0 7.5 435.5 3 3 
0 633.5 505.0 3 4 
0 297.0 511.5 8 5 
0 840.5 529.0 3 40 
0 270.0 534.0 78 48 
0 339.0 530.0 32 40 
0 359.0 512.0 2 2 
0 557.0 534.5 78 47 
0 978.5 513.0 5 4 
0 286.0 515.0 10 6 
0 741.5 545.5 47 67 
0 726.0 514.0 6 4 
0 968.0 513.5 2 3 
0 386.0 526.0 34 26 
0 813.0 515.5 2 5 
0 489.5 526.0 33 24 
0 625.0 537.5 44 47 
0 653.5 527.5 13 27 
0 810.0 515.0 2 2 
0 863.5 516.5 5 5 
0 856.5 531.0 3 32 
0 965.5 517.0 5 4 
0 766.0 517.5 2 3 
0 993.0 517.5 2 3 
0 998.5 528.0 3 24 
0 359.0 528.5 2 21 
0 791.0 523.0 2 10 
0 794.0 520.0 2 2 
0 817.5 538.0 41 38 
0 876.5 536.0 29 32 
0 981.0 533.0 30 26 
0 1016.5 545.0 15 50 
0 563.5 524.0 5 6 
0 794.0 533.5 2 9 
0 714.0 550.5 2 29 
0 893.5 545.5 3 13 
0 383.5 542.0 3 4 
0 540.0 543.5 2 3 
0 791.5 544.5 3 5 
0 642.5 549.5 3 5 
0 657.5 550.0 3 4 
0 791.5 550.5 3 5 
0 343.5 552.0 3 4 
0 646.0 553.0 2 2 
0 273.5 556.0 5 4 
0 252.0 558.0 2 2 
0 254.0 561.0 2 2 
0 624.5 562.5 3 5 
0 754.5 577.0 3 4 
0 631.0 587.5 6 5 
0 638.0 610.5 6 51 
0 765.5 590.0 11 4 
0 851.0 589.0 2 2 
0 1002.0 605.5 44 33 
0 605.0 619.5 56 57 
0 860.0 609.5 26 37 
0 506.0 608.0 40 30 
0 758.5 611.5 49 31 
0 372.0 615.0 44 32 
0 481.5 604.5 5 3 
0 590.5 618.0 3 10 
0 402.5 619.0 15 10 
0 402.5 625.0 3 4 
0 399.0 625.5 2 3 
0 396.0 627.5 2 3 
0 864.5 648.5 33 45 
0 406.5 629.5 3 3 
0 397.5 633.0 3 6 
0 392.0 632.5 2 3 
0 405.0 633.0 2 2 
0 369.0 648.5 46 31 
0 874.0 634.0 2 2 
0 342.5 648.0 5 28 
0 483.5 644.5 3 13 
0 998.5 661.0 37 46 
0 755.0 654.5 46 31 
0 508.5 654.5 39 29 
0 587.0 666.0 10 22 
0 586.0 666.0 2 2 
0 335.0 669.0 2 2 
0 589.0 673.0 2 2 
0 336.0 674.5 2 3 
0 983.0 676.0 4 4 
0 990.5 679.5 7 5 
0 998.5 679.5 5 5 
0 347.0 692.5 14 29 
0 384.0 680.5 4 5 
0 854.5 693.5 43 31 
0 978.0 684.0 2 12 
0 612.0 695.0 40 30 
0 368.0 695.0 42 26 
0 756.0 695.5 44 27 
0 1000.0 698.0 40 28 
0 753.5 741.5 47 35 
0 858.5 740.5 37 31 
0 997.5 744.0 37 28 
