0 914.5 17.0 51 34 
0 474.5 27.5 55 39 
0 730.0 28.0 34 32 
0 853.5 38.0 27 52 
0 772.0 33.0 34 40 
0 188.5 33.0 57 38 
0 724.0 15.0 2 2 
0 65.0 36.0 90 40 
0 725.0 19.0 2 2 
0 375.5 43.0 31 46 
0 279.0 44.5 74 47 
0 414.5 42.5 25 43 
0 402.0 24.5 4 3 
0 333.5 50.0 31 50 
0 814.5 48.5 25 41 
0 283.0 33.0 2 2 
0 863.5 42.5 5 19 
0 282.0 41.0 2 12 
0 734.0 37.0 2 2 
0 1.0 43.5 2 7 
0 823.5 45.0 5 6 
0 70.5 44.0 3 2 
0 340.0 50.5 2 7 
0 282.0 51.5 2 3 
0 187.0 54.0 4 2 
0 196.0 54.0 2 2 
0 283.0 55.0 2 2 
0 480.5 89.0 61 70 
0 921.5 75.5 51 37 
0 80.5 79.5 57 31 
0 496.0 72.0 2 16 
0 268.0 67.0 8 2 
0 811.0 71.0 6 2 
0 822.5 71.0 9 2 
0 817.5 74.0 3 2 
0 459.0 87.0 2 2 
0 464.0 87.0 6 2 
0 906.0 90.0 2 2 
0 99.5 95.5 5 5 
0 106.0 97.0 2 2 
0 103.5 102.0 11 6 
0 923.5 132.0 29 64 
0 96.0 103.0 2 2 
0 809.5 133.5 103 61 
0 180.0 118.0 26 28 
0 66.5 113.5 19 3 
0 79.5 114.0 5 2 
0 81.0 140.5 44 49 
0 15.0 143.5 30 53 
0 332.5 145.0 29 40 
0 370.5 144.5 25 39 
0 95.0 130.5 2 5 
0 258.5 154.0 39 50 
0 303.0 150.5 26 41 
0 404.5 152.5 27 39 
0 491.5 161.0 39 56 
0 95.0 140.0 4 12 
0 310.0 144.5 2 19 
0 191.0 162.0 64 44 
0 477.0 143.0 4 2 
0 904.0 167.5 16 11 
0 329.5 167.0 21 2 
0 300.5 169.5 7 3 
0 308.0 172.5 8 3 
0 171.5 178.0 19 6 
0 189.0 177.0 12 2 
0 73.0 249.5 76 47 
0 769.5 246.5 31 35 
0 296.0 259.0 42 58 
0 767.0 233.0 2 2 
0 770.0 233.0 2 2 
0 737.5 247.0 35 28 
0 910.5 249.5 45 33 
0 387.5 253.5 37 39 
0 478.0 249.5 44 29 
0 810.0 268.0 42 66 
0 59.5 237.5 3 3 
0 735.5 238.0 3 2 
0 743.5 238.0 3 2 
0 844.5 239.5 3 3 
0 901.5 240.0 3 2 
0 849.0 266.0 48 52 
0 14.5 267.0 29 52 
0 179.5 259.5 47 37 
0 260.5 268.5 29 49 
0 332.0 279.5 40 69 
0 268.0 247.5 2 3 
0 266.0 255.0 4 10 
0 266.0 263.0 2 2 
0 735.5 263.0 5 2 
0 486.5 265.5 21 3 
0 267.0 267.0 2 4 
0 735.0 266.0 2 2 
0 898.0 268.0 2 2 
0 915.5 270.0 31 6 
0 844.0 273.0 2 2 
0 924.5 296.0 35 40 
0 93.0 296.5 32 33 
0 173.5 299.0 61 32 
0 256.0 289.0 8 2 
0 261.5 292.0 9 2 
0 862.0 294.0 8 2 
0 99.5 328.0 53 32 
0 203.0 314.5 4 3 
0 100.0 316.0 6 2 
0 188.0 318.0 6 4 
0 489.0 333.5 64 27 
0 922.5 335.5 53 27 
0 770.5 358.0 27 54 
0 512.5 346.5 9 11 
0 398.5 371.0 61 58 
0 342.5 372.0 47 56 
0 731.0 345.0 2 2 
0 739.0 367.5 24 47 
0 16.5 366.0 33 42 
0 500.0 350.5 14 3 
0 195.0 369.5 56 39 
0 202.5 357.0 3 2 
0 751.5 360.0 9 8 
0 934.0 373.0 18 32 
0 481.5 375.5 53 35 
0 369.5 363.5 5 3 
0 87.5 379.5 61 33 
0 751.0 368.0 6 2 
0 750.0 378.5 6 17 
0 939.0 381.5 26 23 
0 395.5 383.0 3 4 
0 432.0 387.0 2 2 
0 212.0 391.0 8 2 
0 410.0 396.0 6 2 
0 93.5 398.0 37 2 
0 93.0 468.0 88 48 
0 351.0 481.0 50 74 
0 376.0 445.0 2 2 
0 933.0 473.0 58 44 
0 290.0 484.5 60 65 
0 491.0 472.5 38 37 
0 428.0 483.5 48 53 
0 21.0 502.0 42 80 
0 813.0 490.5 38 51 
0 310.0 481.0 4 20 
0 924.0 477.0 2 2 
0 123.0 483.0 2 2 
0 125.5 492.0 19 14 
0 268.5 486.0 3 2 
0 767.0 496.5 38 23 
0 96.5 491.5 23 3 
0 308.0 496.0 4 8 
0 950.0 500.0 20 14 
0 111.5 495.5 7 3 
0 194.0 517.5 60 33 
0 954.0 502.0 2 2 
0 88.0 524.0 48 44 
0 111.0 503.5 4 3 
0 302.0 511.0 4 2 
0 63.5 545.5 11 5 
0 89.5 564.5 47 33 
0 853.5 581.5 43 61 
0 853.0 556.0 2 2 
0 284.0 589.0 64 58 
0 869.0 574.0 2 2 
0 69.0 576.0 6 2 
0 77.5 577.5 9 5 
0 929.0 599.0 58 48 
0 23.0 603.5 46 53 
0 948.0 580.0 2 2 
0 273.0 582.0 2 2 
0 946.0 583.0 2 2 
0 210.0 600.0 74 30 
0 403.0 607.5 40 45 
0 87.5 604.0 47 34 
0 339.0 609.0 28 36 
0 103.5 602.0 3 14 
0 192.5 615.5 35 3 
0 69.0 617.0 6 2 
0 323.0 619.0 4 4 
0 343.5 620.5 7 3 
0 256.0 621.0 2 2 
0 323.0 624.5 12 9 
0 904.0 622.0 2 2 
0 328.5 627.0 5 4 
0 91.5 688.5 45 35 
0 290.5 704.0 29 54 
0 374.0 707.5 34 51 
0 185.5 704.5 41 21 
0 200.0 733.0 56 30 
0 77.0 742.5 34 29 
0 89.5 734.0 3 2 
0 193.5 750.0 3 2 
0 88.5 803.0 71 88 
0 20.5 794.0 41 62 
0 199.5 780.5 39 27 
0 266.5 806.0 35 56 
0 195.0 798.5 22 5 
0 223.0 817.0 50 38 
0 118.5 810.0 3 4 
0 110.5 814.0 3 4 
0 23.5 827.0 7 2 
0 41.0 832.5 16 5 
0 69.5 842.0 3 2 
0 1.0 919.5 2 3 
0 22.5 946.5 45 53 
0 1.0 933.0 2 2 
0 1.0 936.0 2 2 
0 101.0 955.5 60 37 
