0 26.5 26.5 43 53 
0 26.0 6.5 10 13 
0 31.0 0.5 2 1 
0 48.0 13.5 14 27 
0 139.5 7.5 11 15 
0 147.0 1.0 2 2 
0 210.5 0.5 3 1 
0 233.0 9.5 24 19 
0 314.0 1.0 44 2 
0 410.0 9.5 26 19 
0 463.0 10.0 20 20 
0 596.0 5.5 26 11 
0 611.5 1.5 3 3 
0 948.0 40.5 56 81 
0 933.0 2.0 6 4 
0 128.0 5.5 2 3 
0 16.0 7.5 2 3 
0 615.0 8.0 2 4 
0 131.5 10.0 5 6 
0 475.5 12.5 3 11 
0 611.5 10.5 3 5 
0 33.0 16.5 8 7 
0 923.5 25.0 3 4 
0 49.5 37.5 5 9 
0 147.5 52.5 57 39 
0 602.5 79.0 53 84 
0 181.5 45.5 3 11 
0 807.0 85.0 86 88 
0 178.0 46.5 2 5 
0 928.0 46.0 2 4 
0 46.0 46.5 4 3 
0 116.0 48.0 2 6 
0 925.0 47.0 2 4 
0 413.0 92.5 36 89 
0 888.5 83.0 39 52 
0 328.0 87.5 38 59 
0 951.0 59.0 2 2 
0 456.5 84.0 25 48 
0 281.0 94.0 40 62 
0 405.5 69.0 3 2 
0 293.0 75.0 2 10 
0 502.0 95.5 36 47 
0 223.5 95.0 31 42 
0 499.0 79.5 2 3 
0 547.0 99.0 26 40 
0 525.5 101.5 3 31 
0 485.0 90.5 2 7 
0 937.5 105.5 29 37 
0 469.5 90.0 3 4 
0 790.0 92.0 8 8 
0 172.0 108.5 46 37 
0 29.0 181.0 58 180 
0 801.0 92.0 2 2 
0 794.0 94.5 6 3 
0 470.0 100.5 2 13 
0 259.0 105.0 2 10 
0 228.5 108.5 3 9 
0 463.5 109.5 3 3 
0 458.0 110.0 2 2 
0 392.0 118.5 10 13 
0 566.5 116.0 3 6 
0 935.0 119.0 2 2 
0 548.0 121.0 2 2 
0 951.5 148.0 27 42 
0 48.0 153.0 4 14 
0 150.0 195.5 34 55 
0 235.0 205.0 50 72 
0 615.5 173.5 3 3 
0 833.0 191.5 66 35 
0 674.5 178.5 9 7 
0 667.0 181.5 4 11 
0 251.0 178.0 2 2 
0 434.5 197.5 43 39 
0 682.5 183.5 9 11 
0 308.5 205.5 71 53 
0 614.0 240.5 40 123 
0 683.5 199.0 39 38 
0 170.5 188.0 7 14 
0 159.5 188.0 5 8 
0 687.0 189.5 2 3 
0 274.0 191.0 2 2 
0 44.0 193.0 2 2 
0 411.5 200.0 3 16 
0 553.5 246.5 43 107 
0 558.0 199.0 2 2 
0 256.0 203.0 2 4 
0 47.0 205.0 2 2 
0 713.5 215.5 3 3 
0 442.5 237.5 49 39 
0 650.0 227.0 4 8 
0 673.5 239.0 49 28 
0 10.0 261.0 4 4 
0 15.0 262.0 2 6 
0 0.5 262.0 1 2 
0 21.0 263.5 2 3 
0 28.0 263.5 2 3 
0 813.0 287.5 32 49 
0 433.0 286.0 38 44 
0 686.5 288.0 31 46 
0 695.0 282.0 4 22 
0 595.0 286.0 2 2 
0 530.0 291.0 2 4 
0 587.5 293.0 5 8 
0 536.0 297.5 2 5 
0 158.0 364.5 54 41 
0 153.0 360.0 2 2 
0 6.0 363.5 8 5 
0 21.5 411.0 43 100 
0 166.5 405.0 55 34 
0 191.0 393.0 2 2 
0 559.0 428.0 28 68 
0 423.0 430.5 32 63 
0 472.0 431.0 36 62 
0 882.5 477.0 111 152 
0 212.0 407.0 2 10 
0 515.5 432.0 31 58 
0 239.0 434.0 34 54 
0 165.0 422.5 2 3 
0 573.5 425.0 3 4 
0 283.0 446.5 40 41 
0 943.0 428.5 2 3 
0 169.0 448.5 58 39 
0 941.5 438.5 7 15 
0 257.5 441.5 3 11 
0 534.0 437.0 2 2 
0 184.0 443.0 2 2 
0 939.5 457.0 3 22 
0 943.5 477.5 3 47 
0 526.5 459.0 5 6 
0 562.0 460.5 2 3 
0 520.5 461.0 3 2 
0 212.0 570.0 164 134 
0 213.0 509.0 2 2 
0 1013.5 513.5 5 5 
0 292.0 513.5 2 3 
0 1004.0 578.0 40 132 
0 221.0 515.0 6 4 
0 212.5 515.5 3 3 
0 216.0 517.5 2 3 
0 448.0 529.0 14 22 
0 285.0 526.0 2 4 
0 609.0 544.5 28 41 
0 414.5 546.5 17 41 
0 380.0 546.5 34 39 
0 424.0 529.0 4 4 
0 431.5 531.0 9 8 
0 446.0 528.0 2 2 
0 470.0 547.5 28 41 
0 516.0 547.0 28 40 
0 562.5 545.5 27 37 
0 285.0 530.5 2 3 
0 449.0 530.0 2 2 
0 480.0 536.0 2 4 
0 836.5 548.0 35 28 
0 387.0 537.5 8 5 
0 431.5 558.0 35 40 
0 856.5 550.0 3 20 
0 444.5 544.0 3 6 
0 894.0 549.5 2 11 
0 943.5 550.5 3 11 
0 454.0 557.0 2 10 
0 578.0 557.5 2 9 
0 11.0 586.5 22 63 
0 933.0 557.0 4 2 
0 829.0 561.5 2 3 
0 914.0 582.5 32 41 
0 172.0 565.0 8 4 
0 178.0 564.5 2 3 
0 187.0 564.5 2 3 
0 190.0 564.5 2 3 
0 193.0 564.0 2 2 
0 200.5 565.5 5 5 
0 208.0 564.0 2 2 
0 213.5 565.0 5 4 
0 222.5 564.0 3 2 
0 229.0 564.0 2 2 
0 235.0 564.0 6 2 
0 241.0 564.5 4 3 
0 251.0 564.5 4 3 
0 264.5 565.0 3 4 
0 277.0 564.5 2 3 
0 283.0 566.0 4 6 
0 879.0 582.5 34 39 
0 279.0 567.0 2 2 
0 369.0 567.0 2 2 
0 836.5 584.0 45 30 
0 429.0 574.0 6 8 
0 977.5 589.5 3 39 
0 435.0 575.5 2 3 
0 878.5 601.5 3 3 
0 882.0 601.5 2 3 
0 823.5 605.0 3 4 
0 820.0 607.0 2 2 
0 837.5 621.5 43 31 
0 817.0 608.0 2 2 
0 915.0 627.0 30 38 
0 880.5 629.0 37 36 
0 5.0 619.5 2 3 
0 8.0 619.5 2 3 
0 13.0 619.0 6 2 
0 863.0 626.0 2 4 
0 238.0 636.5 2 3 
0 249.5 636.5 3 3 
0 341.0 661.0 32 52 
0 181.0 638.0 2 2 
0 153.5 641.0 3 4 
0 836.5 654.5 45 27 
0 990.5 648.0 3 4 
0 882.0 648.0 2 2 
0 978.5 650.0 3 4 
0 22.0 669.0 44 38 
0 994.5 737.0 59 156 
0 895.0 711.0 126 70 
0 971.0 695.0 12 20 
0 18.0 687.5 2 3 
0 954.0 692.0 2 2 
0 947.5 718.5 3 7 
0 830.0 729.5 2 15 
0 972.5 727.0 3 8 
0 39.0 780.5 78 113 
0 68.0 729.0 2 2 
0 969.0 730.5 2 3 
0 885.0 884.0 278 280 
0 60.0 765.0 2 2 
0 833.5 767.5 7 5 
0 939.5 786.5 63 41 
0 32.0 782.0 64 18 
0 837.0 784.0 2 2 
0 972.5 795.0 3 24 
0 54.0 785.5 2 3 
0 976.0 795.0 2 12 
0 62.5 792.0 3 4 
0 801.0 807.0 2 2 
0 967.0 809.0 2 2 
0 991.5 813.5 3 3 
0 788.0 817.0 8 6 
0 1019.0 815.0 10 2 
0 778.5 818.0 3 4 
0 810.0 818.0 2 2 
0 774.0 819.0 2 2 
0 822.0 819.0 2 2 
0 20.5 829.5 7 3 
0 747.0 834.0 2 6 
0 747.0 845.5 2 15 
0 891.0 840.0 2 2 
0 449.0 875.5 114 45 
0 747.0 859.5 2 3 
0 597.0 877.0 68 30 
0 923.5 870.5 19 7 
0 970.0 881.0 8 8 
0 925.5 882.0 5 6 
0 955.0 882.5 14 5 
0 787.0 894.5 8 9 
0 804.0 894.5 6 9 
0 778.0 892.0 2 2 
0 780.0 894.0 2 2 
0 813.5 897.0 5 6 
0 1021.0 986.0 6 76 
0 1022.0 967.5 4 11 
0 1022.0 999.0 4 50 
0 36.5 1003.0 49 42 
0 30.0 988.0 2 2 
0 67.0 1020.5 4 7 
0 53.5 1021.5 3 5 
