0 21.0 13.0 42 26 
0 137.0 15.5 60 31 
0 466.5 21.5 55 41 
0 225.0 29.0 58 50 
0 289.5 34.5 61 57 
0 351.5 33.0 37 44 
0 760.5 30.5 35 37 
0 393.0 34.5 30 43 
0 976.0 33.0 46 36 
0 809.5 41.5 27 39 
0 899.5 49.5 29 51 
0 133.0 34.0 6 4 
0 143.0 34.0 2 2 
0 197.5 41.0 3 12 
0 855.0 58.5 26 43 
0 18.0 53.0 36 30 
0 287.0 42.0 2 2 
0 474.5 84.0 61 74 
0 801.0 61.0 2 2 
0 38.0 67.0 2 2 
0 140.0 90.5 52 43 
0 42.0 72.0 2 2 
0 24.5 75.0 9 6 
0 979.5 84.0 47 24 
0 39.0 77.5 6 7 
0 33.0 77.0 4 4 
0 161.0 78.0 2 2 
0 25.0 79.0 2 2 
0 443.0 80.0 2 2 
0 854.0 83.5 10 9 
0 865.0 82.5 8 5 
0 17.0 116.0 34 48 
0 988.5 101.5 35 11 
0 231.0 130.0 34 60 
0 857.0 140.0 40 70 
0 972.0 107.0 2 2 
0 140.0 139.5 78 57 
0 304.0 131.5 24 41 
0 296.5 135.0 27 46 
0 268.5 133.0 23 40 
0 405.0 136.0 38 46 
0 348.0 133.5 26 39 
0 391.5 120.0 5 8 
0 974.5 154.5 41 73 
0 901.0 141.5 46 37 
0 812.0 150.0 42 38 
0 104.0 137.0 6 8 
0 488.0 157.5 30 47 
0 470.0 137.0 4 4 
0 879.0 142.0 2 2 
0 269.0 157.5 16 9 
0 279.0 157.0 2 2 
0 166.0 161.0 4 2 
0 503.0 175.0 4 4 
0 492.0 182.5 4 5 
0 990.5 182.5 5 3 
0 24.0 226.0 48 38 
0 264.5 244.0 39 62 
0 145.0 236.5 42 45 
0 370.5 243.5 37 43 
0 316.5 261.5 39 69 
0 222.0 254.5 24 51 
0 469.5 245.5 47 27 
0 858.0 273.5 36 73 
0 805.5 256.0 33 34 
0 765.5 255.5 37 27 
0 974.0 292.5 58 89 
0 31.5 270.5 35 39 
0 901.5 276.5 35 51 
0 273.0 254.0 2 2 
0 129.0 277.0 42 44 
0 479.5 263.5 23 9 
0 490.0 267.0 4 4 
0 41.0 270.5 4 3 
0 767.0 273.0 8 6 
0 892.5 295.5 7 21 
0 37.5 307.0 49 32 
0 911.5 307.0 21 10 
0 854.0 310.0 2 2 
0 481.0 330.5 56 27 
0 322.0 359.5 38 65 
0 147.5 348.5 67 35 
0 179.0 336.5 6 5 
0 397.5 365.0 27 62 
0 27.0 354.0 54 32 
0 512.0 340.5 4 5 
0 813.0 366.5 40 57 
0 981.0 355.0 56 30 
0 337.5 347.5 3 3 
0 499.5 349.0 23 6 
0 415.0 349.0 2 2 
0 0.5 352.5 1 5 
0 415.0 352.0 2 2 
0 345.0 370.0 6 32 
0 415.0 355.0 2 2 
0 769.5 378.0 29 48 
0 0.5 358.0 1 4 
0 366.0 373.0 30 34 
0 483.5 374.0 51 36 
0 166.0 372.0 16 10 
0 27.5 375.5 41 7 
0 997.5 396.0 29 38 
0 785.0 379.0 4 2 
0 414.5 386.0 7 8 
0 361.5 390.0 3 4 
0 409.0 392.5 2 3 
0 40.0 447.0 80 58 
0 327.5 467.0 49 62 
0 69.0 439.0 2 2 
0 262.0 473.0 46 68 
0 414.0 475.5 30 47 
0 487.5 471.5 35 37 
0 64.5 471.5 15 11 
0 66.5 468.5 3 3 
0 53.5 474.0 5 6 
0 1000.0 499.0 36 56 
0 867.5 500.5 27 47 
0 23.0 501.5 46 47 
0 154.5 497.5 43 39 
0 1020.0 481.0 2 2 
0 49.5 483.5 5 5 
0 825.5 502.5 43 29 
0 485.0 490.5 2 3 
0 433.0 491.5 6 3 
0 440.5 494.5 3 3 
0 1021.5 496.0 5 6 
0 286.5 499.5 7 5 
0 328.0 502.5 16 11 
0 134.0 503.0 2 2 
0 1010.0 517.0 6 6 
0 1022.0 518.0 4 8 
0 42.5 520.5 5 9 
0 867.0 528.0 6 6 
0 25.0 538.5 46 25 
0 234.5 579.5 29 65 
0 23.5 556.5 47 11 
0 911.0 595.5 32 71 
0 25.5 579.0 43 28 
0 160.5 584.5 83 39 
0 19.0 568.0 4 4 
0 266.5 581.0 33 30 
0 407.0 597.5 34 63 
0 126.0 583.0 2 2 
0 314.0 597.0 30 30 
0 246.5 585.5 7 5 
0 23.0 593.0 46 16 
0 929.0 594.0 10 12 
0 390.0 594.0 2 2 
0 295.5 603.5 5 9 
0 224.0 602.0 2 2 
0 1022.5 603.0 3 4 
0 990.5 626.0 67 44 
0 1022.0 607.5 4 3 
0 218.5 609.0 3 2 
0 316.0 613.5 8 5 
0 411.0 615.0 2 2 
0 302.0 617.0 2 2 
0 1022.5 626.0 3 10 
0 1020.5 640.0 5 6 
0 31.5 665.5 53 41 
0 266.0 693.5 18 49 
0 143.5 687.5 39 23 
0 364.5 704.0 25 54 
0 32.0 765.0 64 130 
0 154.5 722.5 55 35 
0 361.0 720.0 2 2 
0 147.5 739.5 7 13 
0 159.5 766.5 55 47 
0 183.0 764.0 2 2 
0 243.5 795.0 41 58 
0 193.0 789.0 2 2 
0 181.5 808.0 57 36 
0 154.5 808.5 3 3 
0 154.0 827.0 2 2 
0 61.0 931.0 50 44 
