0 60.0 16.0 40 32 
0 59.0 0.5 2 1 
0 150.0 5.0 14 10 
0 164.0 5.0 6 10 
0 247.0 10.5 24 21 
0 264.5 1.0 3 2 
0 325.0 5.0 44 10 
0 415.5 17.5 25 35 
0 464.5 19.5 23 39 
0 596.0 20.0 32 40 
0 679.5 8.5 49 17 
0 865.0 5.0 22 10 
0 881.0 7.5 10 15 
0 967.5 20.0 49 40 
0 71.0 8.0 4 6 
0 610.0 10.5 2 5 
0 679.0 13.5 2 3 
0 702.0 13.0 2 2 
0 871.0 13.0 2 2 
0 683.0 14.0 2 2 
0 964.0 22.0 2 2 
0 73.0 23.5 2 3 
0 73.5 30.0 7 12 
0 949.0 26.5 4 5 
0 930.0 60.0 54 70 
0 414.0 31.5 8 5 
0 911.5 35.5 7 11 
0 168.5 48.0 65 34 
0 64.0 37.5 14 7 
0 198.0 38.0 2 2 
0 198.0 42.0 2 2 
0 912.0 47.0 2 4 
0 418.5 97.0 35 82 
0 950.0 58.5 2 3 
0 917.0 61.5 2 3 
0 237.0 87.0 32 52 
0 336.5 91.5 35 61 
0 603.0 99.0 50 74 
0 290.5 98.0 39 60 
0 424.5 71.5 3 3 
0 191.5 91.0 41 40 
0 796.0 111.5 86 81 
0 41.5 155.5 83 161 
0 461.0 99.5 26 49 
0 924.0 96.0 34 38 
0 76.5 80.5 3 5 
0 304.0 83.0 4 6 
0 504.0 108.0 38 52 
0 354.0 89.0 4 6 
0 1015.5 90.0 3 2 
0 1013.0 102.5 22 27 
0 609.5 92.5 3 5 
0 615.0 92.0 6 2 
0 875.0 110.0 32 36 
0 550.0 116.5 32 47 
0 805.0 102.5 2 3 
0 527.0 103.0 2 2 
0 876.0 108.0 2 2 
0 435.0 109.5 2 3 
0 892.0 122.0 2 2 
0 920.5 139.0 25 36 
0 515.0 132.0 26 8 
0 542.5 131.0 7 2 
0 601.0 134.5 4 5 
0 399.5 140.0 15 10 
0 174.0 181.5 42 55 
0 255.0 188.0 44 58 
0 1014.5 177.5 19 37 
0 936.5 181.0 23 42 
0 233.0 167.0 4 2 
0 304.5 190.5 29 43 
0 266.0 171.0 2 2 
0 75.0 178.0 2 2 
0 552.5 241.0 37 124 
0 338.0 196.5 32 31 
0 615.0 188.0 12 14 
0 317.0 184.0 2 2 
0 668.0 191.0 18 14 
0 445.0 218.0 60 64 
0 681.0 208.5 42 43 
0 609.0 245.0 34 104 
0 819.5 216.5 67 47 
0 266.0 195.0 2 2 
0 270.0 201.0 2 2 
0 74.0 206.5 2 3 
0 78.0 219.0 12 20 
0 844.0 211.0 4 2 
0 567.0 217.0 2 2 
0 252.5 220.5 3 5 
0 570.0 222.5 4 5 
0 48.5 236.5 25 17 
0 73.0 237.0 22 16 
0 29.0 236.5 6 7 
0 666.5 252.5 47 37 
0 36.5 238.5 7 5 
0 644.0 243.5 4 7 
0 660.0 250.0 2 2 
0 439.0 286.5 38 47 
0 570.0 265.0 2 4 
0 425.0 274.0 2 2 
0 571.0 277.5 2 5 
0 802.0 298.0 30 36 
0 680.0 305.0 32 44 
0 531.5 290.0 5 4 
0 614.5 299.0 17 12 
0 421.5 296.5 3 3 
0 588.0 298.5 4 3 
0 583.5 300.5 3 5 
0 625.0 299.5 2 3 
0 573.0 304.5 4 5 
0 178.5 340.5 49 37 
0 41.0 381.0 54 88 
0 186.0 381.5 52 29 
0 257.0 410.0 34 44 
0 203.5 390.5 7 3 
0 237.0 392.5 4 5 
0 427.5 422.0 31 62 
0 562.0 425.0 34 68 
0 476.5 424.5 33 59 
0 519.5 427.5 31 59 
0 185.5 402.5 5 7 
0 189.0 419.5 54 37 
0 295.5 427.5 39 39 
0 26.0 416.0 2 2 
0 33.0 416.0 4 2 
0 868.5 487.5 111 145 
0 28.0 418.0 2 2 
0 37.0 419.0 2 2 
0 297.5 433.0 7 2 
0 514.5 447.5 13 7 
0 431.5 446.5 3 3 
0 922.5 449.0 3 4 
0 551.5 452.0 3 2 
0 923.0 463.5 4 7 
0 227.5 540.5 153 135 
0 922.0 480.5 2 3 
0 303.5 502.0 5 6 
0 440.5 507.5 9 7 
0 390.0 528.5 30 39 
0 434.0 534.0 42 50 
0 444.5 510.5 3 3 
0 452.0 513.5 2 3 
0 373.5 519.0 3 12 
0 472.0 533.5 30 39 
0 30.5 546.0 35 62 
0 165.0 520.5 2 9 
0 517.5 537.0 27 38 
0 177.5 524.5 15 11 
0 563.0 538.0 30 36 
0 616.0 522.5 6 5 
0 300.5 523.5 3 3 
0 606.0 542.0 28 34 
0 237.5 527.5 7 3 
0 223.0 528.0 2 2 
0 228.5 528.5 3 3 
0 256.0 528.0 2 2 
0 990.5 592.5 57 119 
0 181.0 535.0 2 2 
0 823.5 553.0 39 36 
0 179.0 538.0 2 2 
0 447.5 548.5 13 23 
0 174.5 547.0 7 12 
0 482.0 547.5 2 3 
0 1021.5 559.0 5 20 
0 900.0 561.0 50 22 
0 162.0 556.0 6 8 
0 434.0 554.0 2 2 
0 842.0 563.0 2 2 
0 835.5 567.0 13 6 
0 45.0 573.0 6 4 
0 862.5 591.0 31 40 
0 896.0 593.5 30 39 
0 1021.0 577.5 4 7 
0 823.5 607.0 39 58 
0 957.0 599.5 4 39 
0 165.5 596.0 5 12 
0 1020.0 595.0 2 2 
0 834.5 602.5 17 7 
0 48.0 619.0 42 26 
0 44.5 625.5 45 35 
0 348.0 629.5 28 43 
0 863.5 635.5 35 39 
0 365.0 618.0 2 2 
0 896.5 636.0 29 38 
0 847.0 631.0 2 4 
0 836.5 636.0 13 6 
0 822.0 656.0 38 24 
0 865.0 650.0 2 2 
0 841.5 656.0 3 6 
0 972.0 654.0 2 2 
0 957.5 658.0 3 4 
0 61.5 722.5 83 105 
0 880.0 849.5 288 349 
0 988.5 746.5 71 141 
0 87.0 681.0 2 2 
0 951.5 688.0 3 4 
0 956.0 689.0 2 2 
0 932.0 696.5 10 9 
0 956.0 696.0 2 2 
0 953.5 702.5 7 9 
0 947.5 702.0 3 2 
0 931.5 717.0 7 6 
0 89.0 724.5 2 3 
0 951.0 727.0 4 6 
0 87.0 729.5 2 3 
0 826.0 745.5 4 5 
0 920.0 775.0 66 54 
0 933.0 759.0 2 2 
0 885.0 769.0 2 2 
0 838.0 785.5 20 25 
0 827.0 790.0 2 2 
0 946.5 798.0 23 18 
0 827.0 793.0 2 2 
0 826.5 797.5 3 5 
0 922.0 800.0 20 6 
0 1004.5 804.0 39 12 
0 905.5 804.0 3 4 
0 878.5 813.5 9 5 
0 738.0 826.0 4 22 
0 453.5 841.5 109 47 
0 875.0 824.0 2 6 
0 880.0 829.0 4 2 
0 881.5 838.5 5 11 
0 594.5 851.0 63 30 
0 738.0 843.0 4 4 
0 893.0 859.0 8 6 
0 595.0 862.5 14 5 
0 607.5 863.0 11 6 
0 806.0 866.0 8 10 
0 796.5 865.5 5 7 
0 937.0 867.0 2 2 
0 908.0 872.5 6 3 
0 937.5 874.0 7 4 
0 950.5 875.0 3 2 
0 51.5 969.0 103 110 
0 1012.0 975.5 24 97 
0 81.0 941.5 8 17 
0 86.0 935.0 2 2 
0 1019.0 943.5 10 19 
0 1007.5 970.5 11 59 
0 87.0 953.5 14 13 
0 2.5 994.5 5 59 
0 90.0 967.5 2 3 
0 747.0 995.5 2 23 
0 92.0 992.0 2 6 
0 38.0 1009.5 20 29 
0 35.5 998.5 15 5 
0 853.5 1016.0 217 16 
0 1005.0 1017.0 2 10 
0 42.0 1018.5 8 11 
0 757.0 1022.0 26 4 
0 867.0 1023.0 4 2 
