0 4.5 35.0 9 50 
0 285.0 30.5 32 39 
0 146.5 17.5 5 5 
0 813.0 45.0 38 56 
0 1000.0 21.5 12 9 
0 341.0 41.0 22 46 
0 88.0 38.5 26 37 
0 237.5 37.0 41 34 
0 42.0 43.0 34 44 
0 362.5 25.0 3 6 
0 863.0 47.5 30 51 
0 106.0 30.5 2 15 
0 134.5 42.0 25 38 
0 497.5 34.0 3 22 
0 722.0 46.0 32 46 
0 576.0 39.5 34 29 
0 810.5 26.5 7 3 
0 525.0 39.0 34 26 
0 382.0 48.0 32 42 
0 479.0 54.0 26 54 
0 861.0 28.0 2 2 
0 625.5 46.0 33 36 
0 968.5 29.5 3 3 
0 984.0 30.0 2 2 
0 1011.0 47.0 26 36 
0 359.5 35.5 3 11 
0 755.0 33.5 2 7 
0 782.0 31.0 2 2 
0 772.5 42.0 27 22 
0 869.0 32.0 2 2 
0 967.0 60.0 32 56 
0 996.0 48.5 2 33 
0 151.5 35.5 3 5 
0 788.0 41.0 2 16 
0 259.0 35.5 2 3 
0 984.0 44.5 2 19 
0 742.5 41.5 3 7 
0 883.0 43.0 2 10 
0 152.0 41.0 2 4 
0 755.0 40.0 2 2 
0 833.0 48.5 4 17 
0 463.5 61.5 3 37 
0 150.5 47.0 3 6 
0 247.5 46.0 3 4 
0 107.5 49.0 5 6 
0 497.0 49.0 2 4 
0 880.0 53.0 2 8 
0 384.5 62.5 13 3 
0 814.0 62.0 2 2 
0 860.0 69.5 6 5 
0 476.5 75.5 13 3 
0 950.5 84.0 9 8 
0 10.5 104.0 21 38 
0 595.5 108.0 53 44 
0 964.0 93.0 12 6 
0 513.5 113.0 57 44 
0 742.0 109.5 32 35 
0 978.0 116.0 34 48 
0 850.0 112.5 32 31 
0 332.0 99.0 2 2 
0 359.0 117.0 46 34 
0 381.0 102.5 2 5 
0 479.5 107.0 3 4 
0 998.5 117.5 7 9 
0 826.0 121.0 2 2 
0 833.5 126.5 5 5 
0 841.5 150.0 41 48 
0 514.5 131.0 5 2 
0 825.5 133.5 3 7 
0 20.0 153.0 40 42 
0 994.5 134.5 5 5 
0 848.5 135.5 3 5 
0 8.5 136.0 3 4 
0 361.0 152.5 44 37 
0 494.5 137.5 3 3 
0 488.0 138.0 2 2 
0 594.0 159.5 50 45 
0 502.5 158.0 41 32 
0 977.5 144.0 3 2 
0 859.0 145.0 2 2 
0 964.0 158.0 6 28 
0 984.0 163.5 32 39 
0 748.5 159.5 51 29 
0 866.5 155.0 5 18 
0 867.5 172.0 3 12 
0 20.0 194.5 40 49 
0 835.5 179.0 3 4 
0 844.0 178.0 2 2 
0 851.5 179.5 5 5 
0 860.0 179.5 4 5 
0 360.0 202.5 46 33 
0 482.5 189.0 3 6 
0 498.5 206.0 25 36 
0 338.5 192.0 3 6 
0 742.5 206.5 25 33 
0 849.0 207.0 40 34 
0 608.0 208.0 32 34 
0 999.0 199.5 2 15 
0 0.5 197.5 1 7 
0 982.5 209.0 25 28 
0 724.0 211.0 2 10 
0 758.0 208.0 2 2 
0 759.5 216.5 5 15 
0 381.5 215.0 3 6 
0 366.5 218.5 7 9 
0 375.0 216.5 8 5 
0 727.0 219.5 2 5 
0 591.0 243.0 54 50 
0 487.0 221.5 4 5 
0 496.0 221.5 6 5 
0 502.5 221.0 5 4 
0 20.0 237.0 40 34 
0 844.5 242.5 43 41 
0 973.0 226.0 10 6 
0 332.5 233.0 3 12 
0 738.0 229.5 4 3 
0 492.5 245.5 67 33 
0 381.5 234.5 3 9 
0 531.0 233.0 2 6 
0 358.5 244.5 43 27 
0 746.0 249.5 42 33 
0 962.5 240.0 3 12 
0 982.0 252.0 30 34 
0 623.0 241.5 2 9 
0 767.0 240.0 2 2 
0 770.0 253.5 2 23 
0 620.0 255.0 2 14 
0 590.5 253.0 5 4 
0 867.5 260.5 3 13 
0 3.0 259.5 6 5 
0 21.0 259.0 2 2 
0 496.5 264.5 3 5 
0 505.0 264.5 4 5 
0 576.0 264.5 10 5 
0 851.0 264.5 4 5 
0 362.0 282.0 42 36 
0 484.0 265.0 2 2 
0 14.0 267.0 2 2 
0 481.0 281.0 6 22 
0 20.0 283.5 40 25 
0 832.5 289.0 63 36 
0 513.0 275.0 2 4 
0 599.0 274.0 2 2 
0 601.0 290.5 46 33 
0 611.0 275.0 2 2 
0 747.5 311.5 45 73 
0 772.0 278.0 2 2 
0 986.0 292.5 36 29 
0 500.5 294.0 33 30 
0 28.5 299.5 11 5 
0 363.0 306.0 2 2 
0 502.5 326.0 43 40 
0 378.0 311.0 8 6 
0 21.0 323.5 42 27 
0 354.0 312.0 2 4 
0 367.5 312.0 5 4 
0 360.0 312.0 2 2 
0 357.0 313.0 2 2 
0 849.5 335.0 27 42 
0 365.5 333.5 59 35 
0 990.5 331.5 37 31 
0 596.5 332.0 51 26 
0 332.5 328.5 3 5 
0 333.0 338.5 2 3 
0 24.5 368.0 49 44 
0 363.0 348.5 14 5 
0 621.5 352.5 5 7 
0 626.5 352.0 3 4 
0 634.0 353.0 4 2 
0 631.5 359.5 11 5 
0 641.5 361.5 3 5 
0 256.5 361.5 3 3 
0 250.0 390.5 34 61 
0 487.0 394.0 42 66 
0 627.0 390.5 28 59 
0 245.5 365.0 5 6 
0 644.5 373.0 3 16 
0 383.5 395.5 35 57 
0 243.5 374.5 3 9 
0 360.0 384.5 2 19 
0 580.5 401.5 33 47 
0 288.0 402.0 30 44 
0 314.5 384.0 3 4 
0 507.5 387.0 7 10 
0 514.0 384.5 6 3 
0 530.0 405.5 36 45 
0 724.0 409.5 40 53 
0 358.5 396.5 11 25 
0 767.0 385.5 2 3 
0 862.0 403.0 34 38 
0 18.5 405.5 37 41 
0 336.5 404.0 31 38 
0 821.5 401.5 33 33 
0 1011.0 407.5 26 43 
0 485.5 391.0 5 8 
0 840.5 395.5 3 17 
0 314.5 390.0 3 4 
0 777.5 408.0 31 40 
0 528.5 392.0 3 4 
0 14.0 394.0 8 6 
0 788.5 402.0 3 20 
0 970.0 414.5 36 41 
0 226.0 409.5 6 29 
0 317.5 399.5 3 7 
0 754.5 409.0 3 22 
0 269.5 415.5 5 19 
0 305.0 409.5 2 5 
0 317.5 412.5 3 11 
0 881.0 408.0 2 2 
0 950.0 417.0 4 12 
0 363.0 414.0 2 2 
0 509.5 417.5 3 5 
0 801.5 421.5 5 11 
0 369.5 422.0 7 8 
0 363.0 420.0 2 2 
0 826.5 423.5 17 9 
0 323.5 422.5 9 5 
0 811.5 426.0 11 8 
0 849.5 425.0 3 4 
0 944.5 429.0 3 8 
0 719.5 441.5 3 5 
0 620.5 508.0 13 8 
0 291.0 528.5 30 33 
0 336.0 528.5 32 33 
0 244.0 531.5 28 37 
0 379.5 527.0 33 28 
0 531.0 529.0 34 32 
0 575.5 529.5 29 33 
0 485.0 526.5 34 25 
0 810.0 534.5 44 41 
0 624.0 540.0 32 50 
0 731.5 543.5 55 57 
0 354.0 529.0 8 24 
0 557.0 521.0 6 8 
0 604.5 528.5 3 23 
0 644.5 526.5 3 15 
0 846.5 534.5 3 31 
0 868.5 538.5 33 37 
0 970.0 536.0 36 32 
0 784.0 530.0 6 18 
0 1010.5 544.5 27 45 
0 259.0 528.0 2 6 
0 557.0 531.5 6 9 
0 550.5 534.0 3 8 
0 264.5 539.0 5 8 
0 651.0 537.5 2 3 
0 510.0 539.5 2 3 
0 513.0 541.0 2 6 
0 590.0 540.5 8 5 
0 272.0 540.0 2 2 
0 598.5 542.0 3 4 
0 534.0 544.0 4 6 
0 648.5 545.0 7 6 
0 782.5 546.5 3 5 
0 639.0 546.0 2 2 
0 599.5 551.0 7 6 
0 334.0 552.0 18 6 
0 244.0 551.5 2 3 
0 782.5 553.0 3 6 
0 851.5 559.5 5 5 
0 859.0 559.5 8 5 
0 754.5 574.5 3 13 
0 737.0 576.5 20 7 
0 598.0 611.5 56 71 
0 497.0 600.0 54 46 
0 372.5 605.5 53 51 
0 850.5 601.0 25 36 
0 991.0 601.0 46 34 
0 631.0 609.0 6 48 
0 750.0 609.5 50 31 
0 855.5 643.0 33 36 
0 363.0 646.5 52 29 
0 501.0 642.5 34 17 
0 479.5 646.0 3 22 
0 746.0 652.5 44 35 
0 988.0 671.5 40 71 
0 606.5 643.0 3 4 
0 614.0 643.5 8 5 
0 578.5 657.5 7 11 
0 333.0 668.0 2 10 
0 583.5 667.0 3 8 
0 746.5 667.5 7 5 
0 846.5 680.5 43 31 
0 605.0 688.0 38 28 
0 364.5 688.0 43 22 
0 338.5 688.5 3 21 
0 745.0 691.0 40 26 
0 966.0 683.5 2 11 
0 764.0 704.5 2 3 
0 612.5 708.5 23 7 
0 848.0 731.5 36 39 
0 745.5 734.0 47 28 
0 984.5 740.0 37 24 
