0 12.5 1.5 5 3 
0 117.0 4.0 64 8 
0 212.0 13.0 62 26 
0 253.5 10.0 17 20 
0 268.5 10.0 9 20 
0 291.5 17.0 33 34 
0 341.0 13.0 28 26 
0 385.5 12.0 23 24 
0 400.0 6.0 4 12 
0 465.5 2.5 7 5 
0 471.5 1.0 3 2 
0 479.5 1.0 5 2 
0 487.0 1.0 6 2 
0 765.5 3.5 33 7 
0 817.5 8.0 31 16 
0 865.5 16.0 27 32 
0 910.0 11.5 22 23 
0 924.0 7.0 4 14 
0 438.5 2.0 3 2 
0 448.0 2.0 4 2 
0 455.0 3.0 10 4 
0 877.5 5.5 3 7 
0 115.0 10.0 4 2 
0 125.5 10.0 3 2 
0 467.5 49.5 67 75 
0 924.0 16.0 2 2 
0 996.0 35.5 54 35 
0 324.5 20.0 3 2 
0 476.0 20.0 4 2 
0 482.0 20.0 4 2 
0 194.5 23.5 15 5 
0 5.0 38.5 10 33 
0 213.0 24.0 10 4 
0 332.0 24.0 2 2 
0 897.5 24.0 3 2 
0 875.5 33.5 9 3 
0 859.5 34.0 3 2 
0 16.0 46.5 10 15 
0 443.0 50.0 6 4 
0 450.5 49.0 5 2 
0 983.5 53.5 11 9 
0 454.0 51.0 2 2 
0 998.0 52.0 6 2 
0 12.0 55.5 4 5 
0 474.5 55.0 7 4 
0 19.0 56.0 2 2 
0 113.0 76.5 40 41 
0 1.5 59.0 3 2 
0 15.5 61.0 9 6 
0 460.5 59.0 5 2 
0 500.0 75.0 6 24 
0 7.0 65.0 4 2 
0 996.5 100.0 31 68 
0 858.5 102.5 49 63 
0 6.5 97.0 13 30 
0 206.0 115.5 32 63 
0 289.0 108.5 34 43 
0 333.5 109.5 25 43 
0 330.5 92.0 3 2 
0 254.0 114.5 30 45 
0 908.5 107.5 41 31 
0 386.0 118.5 36 49 
0 462.5 102.0 5 10 
0 263.5 110.0 3 22 
0 118.5 125.5 75 49 
0 815.0 116.0 32 30 
0 484.5 128.0 37 52 
0 881.5 112.5 5 17 
0 462.0 109.0 2 2 
0 264.0 125.5 2 3 
0 974.5 136.5 17 13 
0 284.0 133.0 20 2 
0 297.5 133.0 3 2 
0 993.0 133.0 10 2 
0 253.0 136.0 6 2 
0 260.5 139.0 7 2 
0 475.0 148.5 2 3 
0 484.5 157.0 5 2 
0 477.0 159.0 2 2 
0 10.5 221.0 21 38 
0 251.5 233.5 41 63 
0 812.0 222.5 32 39 
0 354.5 226.0 35 42 
0 773.5 222.0 39 32 
0 463.0 223.0 50 32 
0 810.5 208.0 3 2 
0 985.0 227.0 54 38 
0 864.5 245.5 39 71 
0 773.0 213.0 4 2 
0 783.0 213.0 4 2 
0 117.0 232.5 54 39 
0 900.0 215.5 2 5 
0 204.0 241.5 30 53 
0 912.5 243.5 43 57 
0 293.5 255.0 37 78 
0 459.5 217.0 3 2 
0 483.0 217.0 2 2 
0 973.0 217.0 4 2 
0 208.5 218.5 5 3 
0 375.0 233.0 2 2 
0 771.5 239.0 5 2 
0 465.5 240.0 7 2 
0 474.0 240.0 4 2 
0 486.0 240.0 2 2 
0 481.5 241.0 3 2 
0 770.0 242.0 2 2 
0 467.0 245.0 2 4 
0 486.0 244.0 2 2 
0 972.5 248.5 9 5 
0 996.5 249.0 13 4 
0 999.5 274.5 37 41 
0 10.5 272.0 21 34 
0 105.0 275.0 54 32 
0 196.5 264.0 3 2 
0 205.0 266.0 12 4 
0 913.0 271.0 4 2 
0 133.0 276.0 4 4 
0 1017.0 281.0 2 2 
0 20.5 304.0 41 34 
0 135.0 291.0 6 4 
0 116.5 294.0 5 4 
0 997.5 297.0 3 2 
0 472.0 314.0 58 32 
0 504.5 307.0 5 16 
0 995.5 318.5 57 29 
0 511.0 314.0 4 12 
0 816.0 344.0 32 62 
0 389.0 353.0 30 62 
0 503.5 327.5 7 11 
0 299.0 353.5 34 59 
0 774.5 351.5 27 51 
0 393.0 329.0 2 2 
0 127.0 350.0 66 42 
0 490.5 332.0 17 2 
0 137.0 338.0 4 2 
0 317.0 339.5 6 5 
0 324.0 347.0 14 16 
0 472.0 359.5 54 41 
0 790.5 344.0 7 10 
0 1009.5 361.0 23 38 
0 16.0 360.5 32 35 
0 335.5 345.0 7 4 
0 354.0 362.0 38 36 
0 790.5 353.0 5 2 
0 789.0 364.0 4 18 
0 21.0 365.5 2 15 
0 137.5 371.0 3 2 
0 144.5 373.0 11 2 
0 405.0 377.0 2 2 
0 1017.0 379.0 14 2 
0 10.0 380.0 20 2 
0 23.0 380.0 4 2 
0 377.0 380.0 2 2 
0 385.5 381.0 7 2 
0 289.5 382.0 5 2 
0 41.5 441.5 23 25 
0 334.0 440.0 16 18 
0 243.0 472.5 60 75 
0 220.0 441.5 2 3 
0 17.0 460.0 34 34 
0 481.0 462.5 40 39 
0 1004.5 468.0 39 50 
0 410.0 475.5 42 61 
0 307.5 476.5 37 61 
0 37.0 455.5 4 7 
0 227.0 456.0 6 2 
0 234.0 456.0 4 2 
0 871.0 484.5 34 55 
0 1023.0 458.0 2 2 
0 38.0 467.0 6 6 
0 41.5 472.0 3 2 
0 39.5 475.5 3 3 
0 37.0 481.0 10 6 
0 17.5 481.0 5 2 
0 819.5 494.0 41 26 
0 27.0 485.5 4 3 
0 219.5 486.0 3 2 
0 43.5 488.0 3 2 
0 125.0 510.0 48 38 
0 418.5 493.0 5 2 
0 13.0 511.0 26 36 
0 24.0 494.0 2 2 
0 144.0 498.0 2 2 
0 1022.5 501.0 3 8 
0 303.0 507.5 22 11 
0 270.0 505.0 2 2 
0 290.0 508.0 2 2 
0 295.0 512.0 2 2 
0 1.0 531.0 2 4 
0 11.5 531.0 5 4 
0 25.5 539.5 3 3 
0 13.5 554.5 27 29 
0 921.0 583.0 44 68 
0 209.5 591.0 25 70 
0 937.0 570.0 2 2 
0 21.5 573.5 5 7 
0 245.0 595.5 48 47 
0 2.5 575.0 5 4 
0 14.0 574.0 8 2 
0 936.5 578.5 3 3 
0 387.5 608.5 39 55 
0 142.5 599.5 87 35 
0 12.0 601.0 24 34 
0 298.5 603.5 31 29 
0 997.5 610.0 53 40 
0 231.5 594.0 9 6 
0 1022.0 603.5 4 7 
0 263.0 607.0 2 2 
0 104.5 616.0 3 2 
0 280.5 621.0 7 8 
0 202.5 620.0 5 4 
0 294.0 623.5 4 9 
0 307.0 622.0 2 2 
0 286.0 625.0 2 4 
0 280.5 629.0 7 6 
0 973.0 627.5 4 3 
0 287.0 629.0 2 2 
0 992.0 629.0 8 2 
0 14.5 694.5 29 37 
0 246.5 712.5 25 59 
0 348.0 717.0 32 56 
0 117.5 713.0 43 26 
0 135.5 743.0 65 34 
0 10.0 753.0 20 38 
0 20.5 818.0 41 92 
0 134.0 794.0 44 30 
0 34.5 799.5 5 17 
0 222.0 822.0 36 62 
0 129.0 814.0 4 4 
0 161.5 833.5 55 41 
0 13.0 822.5 26 17 
0 120.0 815.0 2 2 
0 36.0 825.5 2 5 
0 30.5 830.5 3 5 
0 26.5 832.5 3 7 
0 28.0 838.0 2 2 
0 27.0 844.0 2 6 
0 4.5 861.5 5 5 
0 28.0 981.5 56 39 
