0 5.0 0.5 2 1 
0 4.0 6.5 8 13 
0 108.5 7.0 65 14 
0 203.5 15.5 61 31 
0 235.5 2.0 3 4 
0 251.0 12.0 22 24 
0 267.0 10.5 8 21 
0 287.0 18.0 34 36 
0 322.0 9.5 2 19 
0 339.0 12.5 30 25 
0 370.5 9.5 3 19 
0 387.0 11.5 28 23 
0 460.5 1.0 17 2 
0 820.0 1.5 4 3 
0 880.0 8.0 28 16 
0 926.0 3.5 24 7 
0 939.5 2.5 3 3 
0 1006.0 15.0 36 24 
0 301.0 9.0 2 10 
0 913.0 9.0 2 2 
0 468.5 47.5 65 77 
0 174.0 20.5 2 13 
0 104.5 17.5 5 3 
0 116.0 17.0 2 2 
0 325.0 18.0 2 2 
0 878.5 20.5 11 7 
0 889.5 18.5 9 3 
0 322.0 21.0 2 2 
0 1002.0 30.0 2 2 
0 1010.5 35.5 27 11 
0 437.0 46.0 2 2 
0 1011.5 83.5 25 71 
0 4.0 56.5 8 15 
0 878.0 86.0 50 70 
0 503.0 59.0 2 2 
0 106.5 81.5 43 43 
0 502.5 73.5 5 25 
0 0.5 64.5 1 5 
0 6.0 66.0 2 2 
0 3.5 72.0 7 8 
0 925.5 86.0 43 32 
0 828.0 101.5 34 39 
0 204.5 122.0 31 62 
0 284.5 115.0 35 48 
0 333.5 112.0 27 42 
0 896.5 100.0 3 16 
0 389.5 117.0 33 46 
0 464.0 100.0 4 8 
0 249.5 119.5 27 45 
0 486.0 128.0 38 52 
0 465.5 106.5 5 3 
0 110.0 133.0 80 54 
0 215.0 108.0 2 2 
0 1000.0 116.0 2 4 
0 991.5 122.5 13 13 
0 246.5 141.0 11 4 
0 255.0 144.5 8 3 
0 494.5 153.0 3 4 
0 489.0 155.5 6 5 
0 79.0 156.0 2 2 
0 134.0 156.5 10 3 
0 999.5 215.5 49 45 
0 825.0 214.0 32 40 
0 880.0 232.5 38 77 
0 784.5 214.5 41 31 
0 929.5 232.0 43 58 
0 246.5 239.5 43 65 
0 466.0 224.0 52 30 
0 357.5 231.5 39 43 
0 6.0 231.5 12 25 
0 112.5 241.0 49 42 
0 297.0 258.0 42 76 
0 198.5 251.5 27 55 
0 782.5 234.0 5 6 
0 787.5 232.5 3 3 
0 1007.5 232.5 31 3 
0 367.0 238.0 2 2 
0 918.5 249.0 5 20 
0 476.5 242.0 25 4 
0 1011.5 264.5 25 45 
0 469.0 246.5 2 3 
0 488.0 247.0 2 4 
0 254.0 248.0 2 2 
0 937.5 263.5 11 3 
0 98.5 286.0 47 38 
0 5.5 285.5 11 11 
0 1.5 285.5 3 3 
0 124.0 289.0 4 4 
0 1004.0 307.5 40 29 
0 126.5 303.0 3 2 
0 480.0 319.5 64 35 
0 14.5 320.5 29 35 
0 830.5 335.5 35 61 
0 106.5 307.5 5 3 
0 513.5 317.0 5 12 
0 785.5 347.5 27 51 
0 305.5 361.0 45 64 
0 388.5 356.5 29 55 
0 1020.5 350.5 7 39 
0 494.0 335.0 16 4 
0 802.5 338.5 5 9 
0 118.5 366.0 69 46 
0 477.0 363.5 54 39 
0 151.0 347.0 6 4 
0 804.0 348.0 2 2 
0 801.5 359.5 3 19 
0 353.5 368.5 35 35 
0 333.5 353.0 7 2 
0 330.5 370.5 3 31 
0 10.0 379.5 20 41 
0 406.0 383.0 4 8 
0 392.0 388.0 8 10 
0 376.0 387.0 2 2 
0 379.0 387.5 2 3 
0 385.0 387.5 8 3 
0 342.5 388.5 5 3 
0 350.0 388.0 2 2 
0 1016.5 459.0 15 48 
0 331.0 451.0 16 20 
0 21.5 472.0 43 48 
0 331.0 450.0 2 2 
0 485.5 470.0 37 40 
0 224.0 453.0 10 2 
0 238.5 488.5 53 71 
0 888.5 481.0 31 56 
0 411.0 482.5 42 57 
0 305.0 489.0 36 64 
0 249.0 460.0 10 2 
0 1019.0 461.5 2 3 
0 214.0 465.0 2 2 
0 226.0 468.0 2 2 
0 837.5 486.5 41 27 
0 30.0 491.0 4 4 
0 483.5 490.5 3 3 
0 33.5 500.5 13 15 
0 267.0 496.0 2 2 
0 26.5 500.0 11 8 
0 5.0 501.0 10 4 
0 12.0 503.0 2 6 
0 17.0 504.5 6 5 
0 267.0 505.0 2 2 
0 125.0 526.0 54 38 
0 13.5 513.5 5 3 
0 295.5 517.0 15 10 
0 6.5 533.0 13 40 
0 135.5 515.0 3 4 
0 267.5 515.5 5 5 
0 254.0 516.0 4 2 
0 936.0 578.5 36 71 
0 929.0 546.5 2 3 
0 938.0 549.0 2 2 
0 6.0 552.5 2 3 
0 956.0 561.0 2 2 
0 7.0 576.5 14 27 
0 955.5 574.0 5 8 
0 229.5 605.0 69 66 
0 1006.5 603.0 35 44 
0 1021.5 587.5 5 5 
0 391.5 618.0 35 58 
0 5.5 594.5 11 9 
0 137.0 615.0 84 34 
0 222.5 601.5 3 7 
0 297.0 616.5 32 27 
0 5.5 623.5 11 35 
0 224.0 608.0 4 2 
0 226.0 610.5 8 5 
0 113.0 625.0 48 24 
0 93.0 619.0 2 2 
0 402.0 621.0 2 2 
0 276.5 628.5 3 11 
0 197.5 635.5 7 7 
0 280.0 633.0 2 2 
0 291.5 633.5 5 3 
0 300.5 636.5 7 3 
0 284.0 638.0 2 4 
0 290.5 639.5 3 7 
0 276.0 638.0 2 2 
0 280.0 641.5 4 7 
0 284.0 643.0 2 2 
0 10.5 717.5 21 37 
0 244.0 729.0 22 58 
0 349.5 732.5 27 59 
0 112.0 732.0 42 22 
0 127.0 764.0 62 34 
0 6.0 777.5 12 43 
0 118.5 786.5 5 11 
0 142.0 785.0 2 6 
0 0.5 792.0 1 2 
0 130.0 818.0 54 44 
0 14.5 846.0 29 92 
0 27.5 807.5 3 3 
0 217.0 841.0 40 62 
0 154.5 856.5 57 43 
0 9.0 843.5 18 13 
0 21.5 853.0 3 6 
0 135.5 875.0 13 6 
0 127.0 880.0 2 2 
0 9.5 887.5 5 3 
0 23.5 1004.5 47 39 
0 28.0 1022.0 8 4 
0 20.0 1022.5 6 3 
