0 6.5 0.5 13 1 
0 116.5 4.0 63 8 
0 213.0 12.5 56 25 
0 277.0 15.5 60 31 
0 297.0 13.5 28 27 
0 330.0 7.0 6 14 
0 345.0 10.0 28 20 
0 390.0 9.0 30 18 
0 881.5 7.0 29 14 
0 926.0 2.5 22 5 
0 940.0 0.5 4 1 
0 1006.0 13.5 36 25 
0 1022.0 4.0 4 2 
0 5.0 5.0 10 2 
0 469.5 22.0 57 36 
0 497.0 5.5 4 3 
0 913.0 6.0 2 2 
0 181.5 14.5 3 13 
0 113.0 11.0 4 2 
0 329.0 16.0 2 2 
0 879.5 18.0 11 6 
0 891.0 16.5 8 3 
0 189.5 23.5 19 3 
0 6.5 42.0 13 32 
0 1010.5 33.0 27 10 
0 1006.0 35.0 2 2 
0 480.0 60.5 58 41 
0 442.5 42.0 3 2 
0 1011.5 83.0 25 68 
0 884.0 51.5 4 3 
0 13.0 56.0 8 8 
0 881.0 86.0 44 64 
0 118.5 77.0 51 44 
0 508.0 60.0 2 8 
0 16.0 59.0 2 2 
0 1.0 63.5 2 3 
0 14.0 63.0 4 2 
0 5.5 66.5 3 3 
0 11.0 66.5 4 3 
0 928.0 85.5 46 31 
0 832.5 99.5 41 37 
0 290.5 110.0 35 48 
0 341.0 107.0 26 42 
0 3.5 102.5 7 31 
0 215.0 116.5 34 57 
0 468.0 92.0 2 2 
0 257.5 114.5 25 45 
0 400.0 114.0 36 44 
0 489.5 119.5 39 45 
0 119.5 127.0 81 54 
0 471.5 102.5 5 3 
0 992.0 120.5 12 13 
0 254.5 135.5 11 3 
0 262.5 139.0 7 2 
0 481.5 145.5 7 9 
0 495.0 144.0 4 2 
0 499.0 148.5 2 3 
0 87.0 150.0 2 2 
0 495.0 150.5 4 3 
0 827.5 211.5 33 39 
0 1000.5 214.0 47 44 
0 883.5 229.5 37 73 
0 786.5 211.5 41 31 
0 789.5 202.0 3 2 
0 253.0 234.0 42 64 
0 932.0 228.5 38 53 
0 471.5 218.5 51 29 
0 365.5 226.0 39 42 
0 11.0 231.0 22 42 
0 123.0 236.5 50 41 
0 306.0 254.0 42 74 
0 206.5 243.5 25 51 
0 212.5 221.0 7 2 
0 785.0 231.0 6 6 
0 790.0 230.0 2 2 
0 482.0 237.5 24 3 
0 920.0 246.5 6 21 
0 474.0 242.0 4 4 
0 493.0 242.0 4 4 
0 1011.5 260.5 25 41 
0 940.0 259.0 22 6 
0 11.0 279.0 22 36 
0 108.5 282.0 43 40 
0 208.5 268.0 5 2 
0 878.5 268.0 3 2 
0 206.0 271.5 14 3 
0 216.5 271.5 5 3 
0 1013.5 277.5 21 3 
0 132.0 283.0 2 4 
0 1016.0 283.0 4 2 
0 1004.5 305.5 39 29 
0 1022.5 292.0 3 2 
0 135.0 297.5 4 3 
0 24.5 299.5 13 5 
0 483.5 312.0 55 30 
0 511.0 298.0 2 2 
0 15.5 316.0 31 32 
0 513.5 306.5 3 13 
0 33.5 306.0 7 6 
0 835.0 334.0 40 62 
0 518.5 312.5 3 11 
0 1007.0 315.5 34 5 
0 455.0 315.0 2 2 
0 788.0 344.0 28 52 
0 504.5 326.0 25 12 
0 394.5 352.5 29 57 
0 311.5 356.5 35 63 
0 1020.5 348.5 7 39 
0 805.5 335.5 5 9 
0 413.5 339.5 3 9 
0 124.5 358.0 63 42 
0 467.5 341.0 3 4 
0 159.5 346.5 9 13 
0 331.0 346.5 6 11 
0 142.5 344.0 3 2 
0 806.0 345.0 4 2 
0 371.5 347.5 3 3 
0 486.0 362.0 54 32 
0 340.5 364.0 9 34 
0 804.0 356.5 2 17 
0 360.5 364.5 33 29 
0 14.0 371.5 28 33 
0 16.5 356.0 3 2 
0 28.0 362.0 2 2 
0 412.5 377.0 7 10 
0 145.5 381.0 9 2 
0 349.0 383.5 4 3 
0 356.0 384.0 2 4 
0 384.5 383.0 5 2 
0 392.0 383.0 8 2 
0 407.0 384.0 2 4 
0 396.5 385.0 5 4 
0 8.0 391.5 16 3 
0 19.5 391.5 5 3 
0 1017.0 457.0 14 48 
0 340.0 443.5 10 13 
0 26.5 466.0 53 48 
0 341.0 446.0 2 2 
0 490.5 466.0 35 42 
0 248.5 482.0 53 70 
0 418.0 478.5 42 59 
0 315.0 480.0 42 60 
0 235.5 453.0 13 2 
0 892.0 479.5 30 53 
0 238.0 456.0 14 2 
0 846.5 486.0 43 28 
0 229.0 474.0 2 2 
0 44.0 488.0 2 2 
0 39.5 494.5 17 9 
0 15.0 496.5 30 7 
0 42.0 501.0 2 2 
0 136.0 521.0 50 38 
0 23.5 507.5 5 3 
0 11.5 527.0 23 40 
0 275.5 511.5 7 7 
0 312.5 513.0 27 10 
0 323.5 512.0 5 2 
0 111.0 531.0 2 2 
0 938.5 577.5 33 69 
0 937.0 546.0 4 4 
0 16.0 548.5 4 7 
0 11.5 574.5 23 35 
0 960.0 560.0 2 2 
0 237.0 600.0 66 68 
0 960.0 569.5 4 3 
0 955.5 570.5 3 3 
0 959.5 574.0 5 4 
0 1006.5 600.5 35 43 
0 1023.0 585.0 2 4 
0 8.5 588.0 17 2 
0 402.5 614.0 33 50 
0 146.0 609.5 82 35 
0 305.0 611.5 32 27 
0 10.5 613.5 21 29 
0 232.5 602.5 5 3 
0 233.5 606.0 7 2 
0 121.5 619.0 47 24 
0 385.0 610.0 2 2 
0 285.5 624.0 5 12 
0 1014.0 621.0 18 2 
0 270.0 624.0 2 2 
0 299.0 629.5 4 5 
0 307.5 631.5 7 3 
0 204.0 632.0 2 2 
0 207.5 632.0 3 2 
0 292.0 633.0 2 4 
0 10.0 633.0 20 2 
0 287.0 634.0 2 2 
0 292.0 638.0 2 2 
0 412.5 641.0 3 2 
0 16.0 710.5 32 39 
0 253.5 724.5 21 59 
0 8.0 698.5 4 3 
0 358.0 726.5 26 57 
0 123.0 726.5 42 23 
0 113.0 745.0 2 2 
0 137.5 765.0 63 36 
0 15.5 771.5 31 41 
0 127.5 781.0 7 10 
0 2.0 792.5 4 5 
0 140.0 812.5 56 41 
0 20.0 840.5 40 89 
0 227.0 836.0 44 62 
0 131.0 829.0 2 2 
0 173.5 831.0 3 2 
0 23.0 834.0 2 2 
0 175.0 835.0 2 2 
0 163.5 854.5 59 35 
0 144.5 870.5 11 3 
0 31.0 880.5 8 3 
0 6.0 883.0 8 6 
0 19.5 881.0 5 2 
0 1.5 884.5 3 3 
0 23.5 984.0 3 2 
0 33.0 1004.5 52 37 
0 49.5 987.0 3 2 
