0 432.0 18.0 62 36 
0 446.5 1.5 23 3 
0 606.5 24.0 99 48 
0 590.0 0.5 8 1 
0 832.5 27.5 177 55 
0 986.0 17.0 56 34 
0 401.0 4.0 2 2 
0 653.5 9.5 5 7 
0 755.0 8.5 4 5 
0 243.5 53.0 107 90 
0 360.5 13.5 11 5 
0 345.0 13.0 6 2 
0 750.0 16.0 2 2 
0 350.5 38.0 37 44 
0 400.0 19.0 2 2 
0 752.0 19.5 4 3 
0 999.0 19.0 2 2 
0 912.0 20.0 2 2 
0 399.5 22.5 3 3 
0 915.0 25.0 2 4 
0 399.5 27.5 3 5 
0 752.0 26.0 2 2 
0 242.0 27.0 2 2 
0 988.0 36.0 60 16 
0 448.5 30.0 13 2 
0 965.0 30.0 2 2 
0 902.0 33.0 8 2 
0 980.5 33.0 3 2 
0 751.0 34.0 2 2 
0 880.5 34.0 5 2 
0 333.0 35.0 2 2 
0 861.5 38.5 17 7 
0 830.5 38.5 21 5 
0 867.5 39.0 3 2 
0 963.0 39.0 2 2 
0 785.0 40.0 4 2 
0 810.0 42.0 2 2 
0 30.0 44.5 4 3 
0 21.5 67.0 43 46 
0 789.0 46.0 2 2 
0 820.0 46.0 2 2 
0 823.0 46.0 2 2 
0 826.0 47.0 2 2 
0 233.0 49.5 4 3 
0 364.5 53.0 3 2 
0 36.0 59.0 2 2 
0 292.5 72.0 3 2 
0 236.0 74.0 2 2 
0 230.0 81.5 4 3 
0 2.5 83.0 3 2 
0 212.5 84.5 5 3 
0 292.0 86.5 4 3 
0 187.0 87.0 2 2 
0 4.0 97.0 8 6 
0 958.5 139.0 43 60 
0 1000.0 116.0 2 2 
0 1010.5 136.5 27 43 
0 818.5 144.5 55 37 
0 651.5 158.0 39 54 
0 904.0 159.5 40 49 
0 484.0 141.5 14 3 
0 450.0 219.0 134 158 
0 612.0 168.5 36 55 
0 562.5 169.0 29 54 
0 461.0 144.0 4 2 
0 474.5 145.0 7 4 
0 827.0 149.5 8 5 
0 445.0 154.5 2 3 
0 663.0 168.5 8 27 
0 422.0 157.0 2 2 
0 827.0 161.5 16 11 
0 398.0 161.0 2 2 
0 379.5 166.0 5 4 
0 591.5 170.0 7 6 
0 455.0 191.0 2 2 
0 1006.5 213.5 35 45 
0 1023.0 192.0 2 2 
0 382.0 193.0 2 2 
0 917.0 210.0 38 32 
0 454.5 197.5 3 3 
0 810.0 224.0 72 52 
0 615.5 200.0 7 2 
0 453.0 208.0 4 4 
0 608.0 213.0 4 2 
0 612.0 213.0 2 2 
0 454.5 215.0 3 2 
0 454.0 220.5 4 5 
0 504.0 225.0 4 4 
0 581.0 242.5 50 39 
0 455.0 229.5 2 3 
0 455.0 235.5 2 3 
0 454.5 241.5 3 5 
0 454.5 247.5 3 5 
0 811.0 246.0 2 2 
0 918.0 267.5 60 43 
0 454.5 257.0 3 4 
0 383.5 259.5 3 3 
0 808.0 298.0 54 74 
0 570.0 284.5 38 39 
0 454.0 271.5 4 5 
0 1016.5 296.0 15 46 
0 801.5 288.0 3 2 
0 482.5 289.0 7 2 
0 472.5 290.5 11 3 
0 494.0 290.0 2 2 
0 498.0 290.0 4 2 
0 788.0 291.0 2 2 
0 925.5 312.5 57 39 
0 495.0 296.5 6 5 
0 936.0 326.0 2 2 
0 360.0 350.0 52 32 
0 472.0 384.5 40 35 
0 452.0 373.5 2 3 
0 894.0 377.0 8 8 
0 1009.5 390.0 29 28 
0 921.0 395.0 88 36 
0 944.0 386.0 4 4 
0 815.5 400.0 5 2 
0 817.0 423.0 38 44 
0 588.0 421.0 62 34 
0 730.0 424.0 46 34 
0 778.5 430.5 41 47 
0 149.0 466.5 44 113 
0 474.0 412.0 10 4 
0 486.5 417.5 9 15 
0 144.0 412.0 2 2 
0 905.0 414.0 26 4 
0 461.0 434.5 40 37 
0 494.0 422.0 2 2 
0 490.0 426.0 4 4 
0 929.0 438.5 50 25 
0 488.0 433.0 8 8 
0 1008.0 440.5 32 23 
0 443.0 433.5 2 3 
0 824.0 440.0 12 2 
0 476.5 464.0 49 46 
0 475.0 446.5 6 5 
0 481.0 447.0 4 6 
0 491.0 447.0 2 2 
0 461.0 449.0 2 2 
0 489.5 450.5 3 3 
0 595.5 454.5 5 7 
0 916.5 453.0 19 4 
0 1000.5 454.5 11 3 
0 464.5 458.0 5 4 
0 588.0 473.5 62 31 
0 453.5 461.0 3 4 
0 917.0 484.5 38 35 
0 928.0 469.0 2 2 
0 899.0 472.0 4 2 
0 919.5 473.5 5 3 
0 483.0 481.5 4 3 
0 583.0 513.0 52 30 
0 473.5 517.5 37 27 
0 457.5 507.0 7 4 
0 913.5 507.5 31 5 
0 914.5 528.0 39 28 
0 769.0 539.5 108 47 
0 731.0 527.5 2 3 
0 592.5 553.5 63 27 
0 615.5 545.5 7 5 
0 899.5 548.0 7 4 
0 474.5 565.5 37 31 
0 934.0 581.0 86 52 
0 1013.0 571.5 22 25 
0 717.5 564.0 11 6 
0 724.5 576.0 7 4 
0 148.0 611.0 30 66 
0 776.5 601.0 123 42 
0 960.0 585.0 2 4 
0 1017.0 588.5 14 9 
0 1003.5 587.5 5 3 
0 1006.0 591.5 4 3 
0 720.5 599.5 11 13 
0 475.5 609.0 41 28 
0 778.0 609.0 2 2 
0 784.5 609.0 3 2 
0 790.0 635.0 8 4 
0 777.5 659.5 27 49 
0 831.5 647.5 5 5 
0 816.5 665.0 39 38 
0 835.5 651.5 3 3 
0 728.0 673.5 44 31 
0 745.0 672.0 2 4 
0 800.0 693.0 4 2 
0 921.5 782.5 73 85 
0 203.5 755.0 3 2 
0 911.0 755.5 2 3 
0 189.5 756.0 9 2 
0 140.0 889.5 280 269 
0 176.5 757.0 9 2 
0 205.0 780.0 2 2 
0 729.5 796.5 51 33 
0 824.5 813.0 35 66 
0 206.0 784.5 4 3 
0 754.0 787.0 2 2 
0 207.5 793.5 7 9 
0 134.0 793.5 2 3 
0 130.0 798.0 8 4 
0 131.5 813.0 9 6 
0 436.5 833.5 31 45 
0 368.0 836.0 28 46 
0 401.5 835.5 35 45 
0 206.5 816.0 3 4 
0 472.0 831.5 30 35 
0 365.0 819.5 4 3 
0 128.5 822.5 5 5 
0 542.5 875.0 149 110 
0 421.0 823.0 2 2 
0 504.0 828.0 2 2 
0 551.0 830.5 2 5 
0 296.5 833.0 9 2 
0 211.0 835.0 2 2 
0 256.5 837.0 5 6 
0 312.0 895.5 70 123 
0 269.0 841.0 10 6 
0 929.0 860.5 54 41 
0 471.0 851.5 20 5 
0 440.0 874.5 36 35 
0 396.0 861.5 4 3 
0 393.5 879.0 35 38 
0 420.0 875.0 4 4 
0 374.0 880.0 2 2 
0 421.0 881.0 2 2 
0 467.0 888.0 4 2 
0 997.5 916.0 53 58 
0 976.0 894.0 2 2 
0 440.5 910.0 37 32 
0 910.0 910.0 36 32 
0 185.0 897.0 2 2 
0 969.0 898.5 6 5 
0 396.0 912.0 36 30 
0 953.0 912.5 38 25 
0 376.0 902.0 2 2 
0 420.5 902.5 3 3 
0 619.0 907.0 2 2 
0 237.5 939.5 41 63 
0 863.5 925.0 35 30 
0 464.5 912.5 3 3 
0 953.0 919.0 2 2 
0 956.0 919.0 2 2 
0 421.0 921.0 2 2 
0 155.0 930.0 6 18 
0 464.0 927.0 2 2 
0 557.0 931.0 78 10 
0 143.5 933.5 5 5 
0 1022.0 934.5 4 3 
0 471.0 937.0 12 4 
0 1003.0 941.0 4 2 
0 859.5 945.5 7 3 
0 305.5 948.0 7 4 
0 331.0 953.0 2 2 
0 143.5 962.0 5 14 
0 332.0 969.0 12 12 
0 289.0 994.0 150 60 
0 321.5 972.0 7 6 
0 448.5 971.0 7 2 
0 417.0 972.5 8 3 
0 434.5 972.0 11 2 
0 145.0 977.0 8 8 
0 229.5 976.5 27 7 
0 372.5 975.0 3 2 
0 352.5 976.0 3 2 
0 444.0 999.5 130 49 
0 215.5 979.0 3 2 
0 374.5 987.0 5 4 
0 211.0 994.0 2 2 
0 954.5 1009.0 45 30 
0 507.5 1003.5 5 5 
0 868.0 1014.0 44 20 
0 211.0 1006.0 2 2 
0 210.0 1020.0 2 8 
0 814.5 1021.5 7 5 
0 858.0 1023.0 4 2 
0 864.5 1023.0 3 2 
0 978.0 1023.0 4 2 
