0 212.5 26.5 131 53 
0 181.5 0.5 3 1 
0 313.0 19.5 36 39 
0 330.5 2.0 3 4 
0 407.5 16.0 35 32 
0 453.0 16.5 30 33 
0 477.0 1.0 2 2 
0 496.0 16.0 36 32 
0 527.0 1.0 2 2 
0 553.5 29.0 49 58 
0 645.0 14.0 34 28 
0 701.0 20.0 34 40 
0 733.0 7.0 34 14 
0 779.0 12.0 46 24 
0 906.0 4.5 32 9 
0 959.0 8.0 42 16 
0 1011.0 7.5 26 15 
0 1022.5 6.0 3 12 
0 476.0 5.5 4 3 
0 432.0 6.5 4 3 
0 947.0 7.5 4 3 
0 733.0 18.0 8 6 
0 476.0 18.0 4 4 
0 31.0 45.5 42 55 
0 626.0 20.5 2 3 
0 148.5 21.0 3 2 
0 626.0 25.0 2 4 
0 260.0 27.0 2 4 
0 406.5 27.0 3 2 
0 410.0 27.0 2 2 
0 434.0 29.0 6 4 
0 523.0 29.0 6 2 
0 652.5 31.5 5 5 
0 521.5 32.5 3 3 
0 526.0 48.0 16 16 
0 180.5 45.5 7 3 
0 211.5 47.5 17 3 
0 227.0 50.5 4 5 
0 882.5 80.5 9 5 
0 1010.0 113.0 28 64 
0 878.5 118.5 47 71 
0 731.5 108.5 29 49 
0 893.0 85.0 2 2 
0 860.5 87.0 3 2 
0 927.5 112.0 43 42 
0 773.5 120.0 39 48 
0 658.0 130.0 42 66 
0 863.0 102.0 2 8 
0 411.0 109.5 14 5 
0 298.0 131.5 26 43 
0 407.0 111.0 2 2 
0 994.0 111.0 2 2 
0 397.0 112.0 6 2 
0 498.5 139.5 41 55 
0 410.0 154.5 36 83 
0 713.0 118.5 4 5 
0 266.0 148.5 40 63 
0 994.0 120.0 2 2 
0 906.0 121.0 2 2 
0 861.5 124.0 3 2 
0 212.0 126.0 2 2 
0 218.5 149.0 31 46 
0 731.0 134.5 4 3 
0 716.5 137.0 5 4 
0 246.5 141.0 7 2 
0 199.0 142.0 2 2 
0 669.0 142.5 2 3 
0 637.0 143.0 2 2 
0 158.0 150.0 2 2 
0 179.5 177.0 41 56 
0 507.0 150.5 2 3 
0 511.0 150.5 2 3 
0 199.0 151.5 4 3 
0 993.5 177.0 7 2 
0 985.5 178.0 5 2 
0 1002.5 209.0 43 60 
0 982.0 193.0 4 4 
0 767.5 207.0 53 28 
0 890.5 207.5 65 29 
0 880.0 198.0 2 2 
0 743.0 207.0 2 4 
0 420.5 227.0 73 36 
0 789.0 212.0 2 4 
0 392.5 212.5 3 3 
0 1023.0 215.5 2 5 
0 741.0 215.0 2 2 
0 769.5 216.0 11 2 
0 783.0 216.0 14 2 
0 192.0 237.0 62 38 
0 1023.0 226.0 2 14 
0 536.5 251.5 73 57 
0 1006.5 231.0 25 2 
0 774.5 253.0 65 42 
0 430.5 237.5 13 3 
0 552.5 240.5 3 9 
0 418.5 241.0 5 8 
0 892.5 253.5 43 27 
0 1005.0 256.0 38 30 
0 416.0 262.0 50 34 
0 301.0 260.0 62 22 
0 872.0 250.0 2 2 
0 903.0 263.0 12 2 
0 889.0 264.0 2 2 
0 991.0 270.0 4 4 
0 540.5 272.5 21 5 
0 899.5 287.5 43 35 
0 883.5 272.0 15 2 
0 976.0 272.0 2 2 
0 999.0 289.5 50 31 
0 506.5 278.0 3 4 
0 512.0 279.0 2 2 
0 522.0 279.0 2 2 
0 916.5 282.5 3 7 
0 754.5 300.0 79 34 
0 386.0 290.0 2 2 
0 393.0 292.0 8 6 
0 404.5 291.0 3 2 
0 657.0 308.0 56 34 
0 384.0 294.0 6 4 
0 410.5 310.5 29 31 
0 876.0 297.0 2 2 
0 389.0 298.0 4 2 
0 544.0 323.0 74 50 
0 504.5 310.5 11 23 
0 391.0 304.5 8 3 
0 751.0 311.0 2 2 
0 392.0 312.5 2 3 
0 724.0 319.5 8 7 
0 1000.0 322.0 20 2 
0 899.5 335.5 43 27 
0 990.0 325.0 2 2 
0 987.0 326.0 2 2 
0 661.0 328.0 8 4 
0 667.5 329.5 9 7 
0 1003.5 342.0 41 30 
0 642.5 338.0 11 2 
0 667.0 340.5 4 7 
0 784.5 359.0 43 34 
0 652.0 360.5 34 35 
0 298.5 364.0 59 28 
0 1011.5 369.0 21 2 
0 890.0 389.5 50 33 
0 1005.5 387.5 37 25 
0 660.5 394.5 61 29 
0 405.5 402.0 51 36 
0 538.0 420.0 64 42 
0 634.0 408.0 2 2 
0 636.0 412.0 4 4 
0 640.0 413.0 2 2 
0 674.0 413.0 2 2 
0 643.5 414.5 3 3 
0 432.5 417.0 3 2 
0 522.0 429.0 2 2 
0 1017.0 459.5 14 59 
0 1010.5 432.0 3 2 
0 962.5 465.5 75 65 
0 987.0 442.0 2 2 
0 789.5 467.5 31 51 
0 1007.0 450.0 2 2 
0 700.5 479.5 33 55 
0 1008.0 453.5 2 3 
0 654.5 481.5 41 53 
0 958.0 459.0 2 2 
0 887.5 482.5 57 43 
0 1008.5 464.5 7 7 
0 903.0 463.0 2 2 
0 770.0 470.5 4 3 
0 553.5 491.5 39 37 
0 773.0 475.0 2 4 
0 862.5 475.5 5 5 
0 991.0 477.0 2 4 
0 858.0 477.0 2 2 
0 773.0 484.5 2 3 
0 856.5 487.5 3 5 
0 770.5 489.5 3 3 
0 683.0 491.0 2 2 
0 938.5 500.0 23 4 
0 683.0 504.0 2 2 
0 709.0 509.5 16 5 
0 688.0 510.0 10 4 
0 701.0 516.0 12 4 
0 1016.0 767.0 16 36 
0 798.0 777.0 32 36 
0 669.5 782.5 51 27 
0 778.5 776.5 3 3 
0 1018.5 776.0 3 2 
0 1021.5 779.0 5 6 
0 806.0 779.5 2 3 
0 806.0 789.0 2 4 
0 810.0 797.0 8 4 
0 659.0 798.0 20 4 
0 677.5 799.0 9 6 
0 797.5 818.0 39 32 
0 903.5 819.0 31 34 
0 1012.5 820.0 23 30 
0 922.0 809.0 2 2 
0 676.5 826.0 63 34 
0 527.5 835.5 27 41 
0 812.0 817.0 2 4 
0 916.0 864.0 62 46 
0 1006.0 867.5 36 29 
0 775.5 869.5 71 31 
0 539.5 885.5 57 31 
0 1013.5 879.5 7 3 
0 986.0 880.0 2 2 
0 779.0 885.0 6 6 
0 908.0 886.0 16 4 
0 911.0 915.0 32 40 
0 996.5 900.0 3 2 
0 780.5 921.0 57 42 
0 1011.0 912.5 26 23 
0 773.5 908.0 3 2 
0 762.5 912.0 17 2 
0 444.0 936.0 68 40 
0 1015.5 927.0 17 4 
0 1005.0 927.0 2 2 
0 751.0 932.5 4 5 
0 448.0 953.0 2 2 
0 797.0 993.0 38 54 
0 806.0 973.0 2 2 
0 885.0 979.0 10 10 
0 988.0 999.0 34 50 
0 707.0 1000.0 28 48 
0 775.5 978.0 3 2 
0 774.0 982.0 2 4 
0 807.0 981.0 2 2 
0 968.0 986.0 8 8 
0 923.0 1000.5 66 33 
0 418.0 1005.5 38 37 
0 751.5 1007.0 39 34 
0 694.0 999.5 2 3 
0 776.0 1002.0 2 6 
0 560.5 1013.0 47 22 
0 891.0 1007.0 2 2 
0 776.0 1008.0 2 2 
0 665.0 1016.5 38 15 
0 776.0 1011.0 2 2 
0 737.5 1020.0 13 4 
