0 42.0 21.0 62 42 
0 45.5 5.0 11 10 
0 46.0 0.5 2 1 
0 61.0 7.0 18 14 
0 146.0 1.0 2 2 
0 156.0 0.5 2 1 
0 243.0 2.0 24 4 
0 458.0 0.5 4 1 
0 905.5 2.0 5 4 
0 918.0 14.0 20 28 
0 1010.5 15.0 27 30 
0 920.0 5.5 2 3 
0 918.0 11.5 4 9 
0 62.0 12.5 2 3 
0 615.5 12.0 3 2 
0 787.5 49.5 79 75 
0 596.0 54.5 56 73 
0 863.5 41.5 45 43 
0 67.0 22.0 2 2 
0 66.5 27.5 3 5 
0 162.0 44.0 64 38 
0 411.0 75.0 44 98 
0 59.5 42.5 19 5 
0 333.5 73.0 39 64 
0 456.0 64.0 26 46 
0 416.0 43.5 4 3 
0 608.5 44.0 11 2 
0 914.5 66.0 33 38 
0 770.5 51.5 3 3 
0 288.0 84.0 40 62 
0 498.0 74.0 38 42 
0 546.5 78.0 37 48 
0 230.0 84.5 36 43 
0 511.5 82.0 29 38 
0 486.5 69.0 3 4 
0 469.0 71.5 4 5 
0 459.5 84.0 25 18 
0 179.5 96.0 55 36 
0 1014.0 98.0 20 38 
0 38.0 179.0 76 182 
0 1020.5 93.0 7 6 
0 594.0 94.5 2 3 
0 930.0 113.0 42 38 
0 55.0 98.0 2 4 
0 1017.5 99.0 3 4 
0 490.0 100.0 8 4 
0 1023.0 99.5 2 3 
0 55.0 109.0 2 16 
0 1022.0 104.5 4 3 
0 393.0 106.0 2 2 
0 1023.0 108.5 2 3 
0 56.5 140.0 3 6 
0 816.0 161.0 70 42 
0 1020.0 153.0 8 22 
0 58.5 151.0 7 14 
0 610.5 149.5 7 3 
0 674.0 150.0 4 4 
0 657.0 153.5 14 9 
0 666.0 150.0 2 2 
0 679.0 150.0 2 2 
0 611.5 153.5 5 3 
0 673.0 155.5 10 5 
0 608.0 220.5 38 123 
0 670.0 174.5 38 31 
0 256.0 163.0 2 2 
0 251.5 165.5 3 3 
0 172.0 167.0 6 4 
0 435.0 186.0 44 40 
0 543.5 224.0 57 114 
0 164.0 194.0 44 52 
0 252.0 171.0 12 4 
0 309.5 193.5 77 45 
0 237.0 201.0 66 56 
0 694.0 177.0 2 2 
0 451.0 181.0 2 8 
0 300.0 185.5 6 9 
0 448.0 190.0 10 6 
0 56.0 191.0 2 2 
0 56.0 195.0 2 2 
0 666.5 216.5 47 35 
0 343.5 203.5 5 5 
0 642.5 207.5 7 7 
0 438.0 221.5 44 29 
0 59.5 217.0 7 14 
0 66.5 228.5 3 3 
0 645.5 232.5 5 3 
0 794.5 256.5 41 43 
0 64.5 241.5 3 3 
0 678.0 271.5 30 47 
0 430.5 277.5 33 51 
0 28.0 265.5 8 11 
0 39.0 267.0 10 8 
0 13.0 266.0 2 2 
0 48.5 269.5 9 7 
0 19.5 269.0 5 4 
0 604.5 276.5 17 13 
0 524.0 273.5 4 3 
0 589.0 274.5 6 3 
0 531.5 280.5 5 5 
0 539.0 284.5 6 9 
0 544.0 281.0 2 2 
0 569.5 282.0 3 2 
0 181.5 352.0 3 2 
0 168.5 369.0 57 36 
0 172.5 353.0 3 2 
0 24.5 374.0 7 2 
0 33.5 424.0 55 102 
0 8.0 375.0 4 2 
0 863.5 456.5 103 157 
0 555.5 423.0 31 62 
0 194.0 395.0 2 2 
0 176.0 409.5 58 31 
0 181.5 396.0 5 2 
0 471.5 427.0 35 62 
0 422.5 429.5 35 65 
0 515.0 428.5 36 61 
0 7.0 402.0 2 2 
0 921.0 443.0 10 80 
0 222.0 410.0 2 2 
0 222.0 413.0 2 2 
0 222.0 416.0 2 2 
0 248.5 439.5 39 47 
0 456.0 419.0 4 2 
0 195.0 421.0 6 2 
0 178.5 435.5 7 7 
0 289.5 452.5 39 37 
0 173.5 456.0 55 32 
0 27.5 470.5 7 3 
0 17.5 471.0 3 2 
0 35.0 471.0 2 2 
0 990.5 492.0 3 2 
0 989.5 559.0 57 136 
0 824.5 500.0 19 8 
0 1016.0 513.0 2 2 
0 221.5 588.0 159 148 
0 820.0 532.0 34 28 
0 1019.0 557.5 10 77 
0 227.0 523.0 4 2 
0 446.5 530.0 19 16 
0 603.5 541.5 29 39 
0 831.0 537.0 24 26 
0 600.0 526.0 4 2 
0 431.0 528.0 2 2 
0 560.0 545.5 32 37 
0 427.0 530.5 4 5 
0 514.0 548.5 28 41 
0 591.0 529.0 2 2 
0 900.0 536.0 52 16 
0 513.0 531.0 6 4 
0 145.0 542.5 8 25 
0 461.0 533.0 6 4 
0 289.0 536.0 4 8 
0 468.5 552.0 29 38 
0 383.0 554.0 32 40 
0 420.0 535.0 2 2 
0 411.0 536.0 2 2 
0 430.0 559.5 40 45 
0 288.0 542.0 2 2 
0 289.5 553.5 3 17 
0 807.0 548.0 2 2 
0 812.0 550.5 10 7 
0 896.0 569.0 30 42 
0 445.0 551.0 2 2 
0 861.5 572.0 35 40 
0 147.0 559.0 2 2 
0 819.5 576.0 47 34 
0 242.0 573.5 80 15 
0 444.0 567.0 2 2 
0 226.5 572.0 7 4 
0 22.0 612.0 38 68 
0 35.0 583.5 2 3 
0 891.5 587.0 15 8 
0 804.5 597.0 11 6 
0 819.0 611.5 48 31 
0 35.0 604.5 2 15 
0 892.0 598.0 6 2 
0 859.0 616.0 28 32 
0 895.5 618.5 29 37 
0 866.5 633.0 31 16 
0 971.0 629.0 2 2 
0 967.5 632.5 5 5 
0 819.0 646.5 48 27 
0 15.0 641.5 16 5 
0 158.5 645.0 5 4 
0 982.5 721.5 83 153 
0 197.0 648.5 4 3 
0 344.5 672.0 33 50 
0 936.0 667.0 4 2 
0 946.5 667.0 3 2 
0 874.0 702.5 120 71 
0 924.0 668.0 4 2 
0 949.0 676.5 8 11 
0 942.5 675.0 3 2 
0 38.0 696.5 48 41 
0 16.0 682.0 4 2 
0 949.0 687.5 8 9 
0 56.0 695.0 4 6 
0 927.0 707.5 6 9 
0 878.0 882.0 292 284 
0 820.5 750.0 5 4 
0 48.5 808.5 93 109 
0 74.0 759.0 2 2 
0 814.0 760.0 4 2 
0 941.5 787.5 23 27 
0 823.0 793.0 2 2 
0 916.0 800.0 20 4 
0 83.5 801.0 3 4 
0 895.5 801.0 13 4 
0 995.0 803.5 58 9 
0 953.0 802.0 2 2 
0 777.0 811.0 4 2 
0 77.5 826.5 7 13 
0 878.0 834.0 2 2 
0 77.0 836.0 2 4 
0 72.0 839.0 2 2 
0 900.0 867.5 14 5 
0 448.0 895.0 110 48 
0 590.5 888.0 67 30 
0 933.0 878.5 14 5 
0 949.0 877.0 2 2 
0 905.0 880.0 4 4 
0 945.0 880.0 4 2 
0 794.0 888.0 8 6 
0 762.5 889.5 15 7 
0 784.0 890.0 8 8 
0 793.0 893.5 6 3 
0 764.5 895.5 5 5 
0 614.5 902.0 11 4 
0 590.0 903.0 12 4 
0 602.5 902.5 11 3 
0 1006.0 979.5 36 89 
0 1015.5 948.5 17 17 
0 998.0 987.5 16 73 
0 757.5 993.0 3 2 
0 1000.0 1016.0 2 2 
0 1000.0 1019.0 2 2 
0 47.5 1023.0 7 2 
