0 349.5 1.5 11 3 
0 447.5 10.0 17 14 
0 355.0 10.0 12 12 
0 424.0 26.0 22 26 
0 557.5 30.0 5 16 
0 215.0 59.5 46 73 
0 455.5 31.5 9 15 
0 534.0 43.5 20 39 
0 559.0 26.0 2 2 
0 509.0 43.0 12 12 
0 384.5 48.5 21 21 
0 462.5 51.0 19 24 
0 433.0 56.5 16 23 
0 219.0 50.0 2 2 
0 215.0 56.0 2 2 
0 211.5 62.5 7 7 
0 195.0 80.5 36 35 
0 398.0 73.5 20 19 
0 547.5 77.0 17 18 
0 477.0 74.0 10 10 
0 447.0 81.0 18 22 
0 523.5 89.0 21 18 
0 554.0 100.5 12 33 
0 404.0 97.5 20 25 
0 458.0 105.5 22 27 
0 531.0 105.5 8 13 
0 559.0 101.0 2 2 
0 525.0 107.0 2 2 
0 159.5 117.0 27 20 
0 418.0 119.5 18 23 
0 128.5 125.5 15 15 
0 500.5 131.5 23 27 
0 227.5 128.5 17 17 
0 287.0 133.5 28 27 
0 466.5 131.0 17 18 
0 507.0 126.0 2 2 
0 426.5 141.5 25 19 
0 473.0 142.0 2 2 
0 192.0 157.0 20 22 
0 476.5 159.5 17 21 
0 438.5 162.0 17 12 
0 166.5 168.5 17 17 
0 298.0 170.5 18 17 
0 305.0 168.0 2 2 
0 96.0 207.0 58 56 
0 116.0 187.5 16 17 
0 345.5 191.5 25 25 
0 214.5 191.0 23 22 
0 157.0 193.0 10 18 
0 152.0 186.0 2 2 
0 186.5 196.5 21 23 
0 351.5 192.5 5 5 
0 63.5 214.0 37 34 
0 173.0 210.5 18 19 
0 82.0 204.0 2 2 
0 87.0 207.0 2 2 
0 208.5 224.0 17 20 
0 238.5 222.0 9 14 
0 192.0 231.0 20 22 
0 193.0 223.0 2 2 
0 17.0 240.5 24 25 
0 228.0 248.5 18 21 
0 396.5 283.0 63 90 
0 190.0 244.5 2 3 
0 337.5 264.0 17 20 
0 5.0 268.0 10 20 
0 307.0 283.0 44 28 
0 273.5 307.5 49 53 
0 332.5 296.0 45 26 
0 35.0 304.5 18 23 
0 391.0 340.0 64 90 
0 456.5 328.5 41 51 
0 471.0 313.0 16 20 
0 261.0 332.5 38 45 
0 351.0 354.0 68 88 
0 215.5 326.0 27 28 
0 191.0 325.5 18 19 
0 50.0 325.5 18 17 
0 16.5 328.5 23 21 
0 432.5 330.5 21 19 
0 157.0 338.0 16 18 
0 441.0 345.0 24 24 
0 126.0 349.5 20 21 
0 215.5 360.5 33 39 
0 3.0 351.5 6 17 
0 167.0 353.5 18 17 
0 237.0 352.5 14 15 
0 290.0 358.5 20 23 
0 456.0 367.0 30 32 
0 244.0 354.0 2 2 
0 88.0 363.0 16 14 
0 133.0 365.5 16 17 
0 485.5 378.5 29 41 
0 185.5 378.0 15 14 
0 257.5 378.5 15 15 
0 141.0 378.0 8 8 
0 228.0 384.0 16 14 
0 23.5 391.5 25 23 
0 404.0 396.5 50 25 
0 200.5 395.5 19 21 
0 38.5 389.0 3 2 
0 279.5 399.0 19 22 
0 157.5 398.5 17 13 
0 248.0 408.5 28 29 
0 213.5 412.0 11 16 
0 167.5 414.5 11 15 
0 442.0 412.5 12 11 
0 77.0 419.0 20 18 
0 127.5 422.0 23 22 
0 471.5 433.0 27 26 
0 231.0 432.5 18 23 
0 176.0 433.5 18 19 
0 372.5 430.0 13 12 
0 293.5 441.0 29 20 
0 433.5 447.5 45 27 
0 498.0 461.0 40 48 
0 357.5 449.5 41 23 
0 309.5 443.0 3 2 
0 186.5 449.5 11 13 
0 241.5 455.0 15 24 
0 313.0 445.0 2 2 
0 320.0 452.5 16 13 
0 311.5 451.0 3 4 
0 372.0 454.0 4 2 
0 405.5 476.0 27 42 
0 433.0 456.0 2 2 
0 443.5 457.5 5 3 
0 271.0 471.5 30 21 
0 313.5 478.0 31 18 
0 377.5 476.5 13 13 
0 344.0 487.0 16 14 
0 0.5 520.0 1 4 
0 1.0 526.5 2 5 
0 104.0 538.5 12 11 
0 3.5 548.0 7 14 
0 87.0 554.5 18 11 
0 201.5 555.5 15 9 
0 2.0 558.5 4 3 
0 227.0 558.5 6 3 
