0 147.0 6.5 30 13 
0 236.0 0.5 4 1 
0 267.5 18.0 61 36 
0 309.5 8.0 21 16 
0 544.0 2.5 8 5 
0 229.5 28.0 39 44 
0 187.0 13.0 2 2 
0 187.0 22.5 12 17 
0 129.5 53.0 41 46 
0 235.0 61.5 22 27 
0 174.0 74.5 32 41 
0 554.0 64.0 12 20 
0 207.5 75.5 23 21 
0 221.0 68.0 2 2 
0 535.5 76.5 19 19 
0 426.0 84.0 20 26 
0 371.0 80.5 18 15 
0 351.5 94.0 21 22 
0 342.0 91.0 2 2 
0 156.0 92.0 4 2 
0 438.5 116.0 35 46 
0 531.0 99.5 12 11 
0 162.0 103.0 20 16 
0 118.0 105.0 28 18 
0 335.0 107.5 20 23 
0 378.5 124.5 45 37 
0 84.0 113.5 14 9 
0 139.0 123.0 46 24 
0 424.0 113.0 2 2 
0 315.5 122.5 23 17 
0 537.5 122.5 17 15 
0 295.0 137.0 20 20 
0 223.0 139.5 24 19 
0 460.5 144.0 13 12 
0 210.5 153.5 19 27 
0 261.0 159.0 48 38 
0 352.5 151.0 25 22 
0 390.0 153.5 16 25 
0 441.5 155.5 25 25 
0 544.5 151.5 15 17 
0 267.0 150.0 2 2 
0 331.5 162.5 19 23 
0 78.0 169.0 16 16 
0 547.5 170.0 17 16 
0 376.5 175.0 25 20 
0 315.0 178.0 20 24 
0 173.0 171.0 2 2 
0 220.0 194.0 58 48 
0 173.5 182.0 19 18 
0 430.5 187.0 23 26 
0 358.5 190.0 21 24 
0 290.5 191.5 27 21 
0 550.5 202.0 19 34 
0 154.0 196.0 26 18 
0 334.5 204.0 27 28 
0 270.5 206.0 15 18 
0 136.5 206.0 17 16 
0 427.5 212.0 15 20 
0 117.5 218.0 21 20 
0 320.0 217.5 20 17 
0 252.0 221.5 24 21 
0 383.0 224.5 28 25 
0 182.5 222.0 23 18 
0 555.0 227.5 10 17 
0 298.5 230.5 23 19 
0 163.0 234.0 20 24 
0 229.5 234.5 23 17 
0 97.5 239.5 19 25 
0 430.0 241.0 18 26 
0 248.0 233.0 6 4 
0 276.0 248.5 28 31 
0 359.5 242.0 25 16 
0 141.5 246.5 27 19 
0 241.0 238.5 2 3 
0 559.0 243.0 2 6 
0 212.0 254.0 20 24 
0 337.5 257.5 23 17 
0 389.5 259.5 21 21 
0 260.5 264.0 23 24 
0 115.0 263.0 24 18 
0 193.0 268.0 24 26 
0 281.0 257.0 2 2 
0 441.0 269.0 22 24 
0 320.5 277.5 23 21 
0 101.0 277.5 28 19 
0 240.5 280.5 21 21 
0 173.0 284.0 24 26 
0 399.5 285.0 19 26 
0 476.0 321.0 50 94 
0 153.0 293.5 22 23 
0 216.0 295.0 20 22 
0 335.0 296.5 18 23 
0 283.5 298.0 23 18 
0 83.0 298.5 16 17 
0 427.5 337.5 63 91 
0 196.0 301.0 2 2 
0 121.5 334.0 47 66 
0 204.0 310.0 18 14 
0 363.0 321.0 22 32 
0 261.0 319.0 18 26 
0 185.5 322.0 29 24 
0 300.5 324.0 29 28 
0 408.0 312.0 2 2 
0 82.5 323.5 9 15 
0 242.5 331.5 23 21 
0 166.5 338.5 23 29 
0 329.5 351.5 41 47 
0 385.0 343.5 26 27 
0 211.5 352.5 41 43 
0 142.5 355.0 21 28 
0 258.0 360.5 24 15 
0 283.5 361.0 21 16 
0 396.5 368.5 21 27 
0 150.5 358.0 3 2 
0 117.5 360.0 3 4 
0 310.5 375.5 21 27 
0 233.5 373.5 21 21 
0 360.5 386.5 31 45 
0 93.0 375.5 16 21 
0 130.5 377.0 21 24 
0 182.5 378.0 21 22 
0 494.5 382.5 15 27 
0 407.5 389.0 17 22 
0 202.5 402.0 41 40 
0 335.0 418.5 40 73 
0 455.0 395.5 22 21 
0 163.5 397.0 15 22 
0 86.5 400.5 13 25 
0 120.0 399.0 18 22 
0 505.5 406.0 29 24 
0 273.0 407.5 22 21 
0 414.5 416.5 25 27 
0 373.5 417.5 17 25 
0 250.5 416.0 19 20 
0 151.5 419.0 17 22 
0 460.5 420.5 15 23 
0 108.5 423.5 25 25 
0 297.0 426.5 24 25 
0 503.5 434.0 19 22 
0 229.0 432.0 22 16 
0 181.0 435.0 18 20 
0 365.0 429.0 2 2 
0 270.0 440.0 28 20 
0 85.5 441.5 11 21 
0 142.5 443.0 19 24 
0 381.0 442.5 16 21 
0 419.5 433.0 3 2 
0 424.5 445.0 19 22 
0 458.0 445.0 14 18 
0 99.0 449.0 18 24 
0 435.0 442.0 2 2 
0 215.0 451.5 14 19 
0 170.0 457.0 24 24 
0 507.0 458.5 22 27 
0 255.0 467.5 16 31 
0 353.0 472.5 22 33 
0 130.5 467.0 17 20 
0 380.0 468.5 18 23 
0 458.0 467.5 22 21 
0 421.5 471.5 15 23 
0 205.5 475.5 15 25 
0 264.0 465.0 2 2 
0 517.5 470.0 3 2 
0 157.0 482.0 20 18 
0 501.0 478.0 10 8 
0 284.5 485.5 25 13 
0 450.0 481.5 18 5 
0 378.5 485.0 15 6 
0 308.5 487.0 11 8 
0 194.0 492.0 10 8 
0 89.0 495.5 18 11 
